# Header: Project1::Scan2 cleaned cropped::All data::Grain Size   7/9/2021
# 
# Column 1: Integer identifying grain
# Column 2: Area of grain in square microns
# Column 3: Diameter of grain in microns
# Column 4: Aspect ratio of ellipse fit to grain
# Column 5: Length of major axis of ellipse fit to grain in microns
# Column 6: Length of minor axis of ellipse fit to grain in microns
# Column 7: Average orientation spread in grain (average misorientation of all point pairs)
# Column 8: Average misorientation in grain (average misorientation of neighboring point pairs)
     1 1.386e-003      0.04 0.49      0.03      0.01   0.54   0.72 
     2 3.360e-002      0.21 0.54      0.15      0.08   0.43   0.52 
     3 2.425e-003      0.06 0.54      0.04      0.02   0.32   0.45 
     4 4.157e-003      0.07 0.45      0.06      0.03   0.41   0.46 
     5 2.078e-002      0.16 0.56      0.11      0.06   0.45   0.51 
     6 4.330e-002      0.23 0.39      0.20      0.08   2.74   0.90 
     7 9.007e-003      0.11 0.61      0.07      0.04   0.63   0.61 
     8 2.425e-003      0.06 0.36      0.05      0.02   1.67   0.57 
     9 2.563e-002      0.18 0.28      0.18      0.05   0.63   0.71 
    10 1.871e-002      0.15 0.21      0.17      0.04   0.52   0.55 
    11 5.092e-002      0.25 0.17      0.34      0.06   2.98   0.54 
    12 6.928e-003      0.09 0.35      0.09      0.03   0.55   0.56 
    13 8.314e-003      0.10 0.46      0.08      0.04   0.37   0.33 
    14 2.841e-002      0.19 0.31      0.17      0.05   0.46   0.48 
    15 3.118e-003      0.06 0.45      0.05      0.02   0.52   0.39 
    16 6.443e-002      0.29 0.50      0.21      0.11   0.51   0.51 
    17 6.928e-004      0.03 0.62      0.02      0.01   0.47   0.95 
    18 7.275e-003      0.10 0.35      0.08      0.03   0.57   0.68 
    19 2.425e-003      0.06 0.53      0.04      0.02   0.20   0.11 
    20 1.351e-002      0.13 0.57      0.09      0.05   0.51   0.58 
    21 4.503e-003      0.08 0.44      0.06      0.02   0.36   0.36 
    22 1.109e-002      0.12 0.35      0.10      0.03   0.54   0.60 
    23 6.582e-003      0.09 0.43      0.07      0.03   0.46   0.43 
    24 9.942e-002      0.36 0.30      0.32      0.10   0.61   0.46 
    25 3.152e-002      0.20 0.37      0.17      0.06   0.55   0.61 
    26 1.732e-003      0.05 0.41      0.04      0.02   0.25   0.35 
    27 1.559e-002      0.14 0.56      0.10      0.06   2.19   0.94 
    28 1.247e-002      0.13 0.34      0.12      0.04   0.38   0.40 
    29 2.252e-002      0.17 0.39      0.13      0.05   0.38   0.47 
    30 1.150e-001      0.38 0.31      0.34      0.11   0.88   0.69 
    31 6.582e-003      0.09 0.53      0.06      0.03   0.60   0.59 
    32 1.039e-003      0.04 0.45      0.03      0.01   0.36   0.64 
    33 4.988e-002      0.25 0.36      0.25      0.09   1.88   0.63 
    34 1.212e-002      0.12 0.55      0.08      0.04   0.42   0.46 
    35 2.425e-003      0.06 0.55      0.04      0.02   0.56   0.56 
    36 3.464e-003      0.07 0.72      0.04      0.03   0.49   0.56 
    37 9.007e-003      0.11 0.62      0.07      0.04   0.50   0.57 
    38 3.291e-002      0.20 0.35      0.18      0.06   0.52   0.60 
    39 1.524e-002      0.14 0.57      0.09      0.05   0.40   0.44 
    40 7.621e-003      0.10 0.59      0.07      0.04   0.57   0.70 
    41 1.039e-003      0.04 0.45      0.03      0.01   0.20   0.22 
    42 1.905e-002      0.16 0.46      0.12      0.05   0.47   0.52 
    43 6.928e-004      0.03 0.62      0.02      0.01   0.60   1.21 
    44 2.321e-002      0.17 0.41      0.14      0.06   2.22   0.60 
    45 3.568e-002      0.21 0.37      0.19      0.07   0.50   0.52 
    46 4.850e-003      0.08 0.65      0.05      0.03   0.31   0.35 
    47 1.386e-002      0.13 0.31      0.12      0.04   0.45   0.53 
    48 2.425e-003      0.06 0.46      0.04      0.02   0.67   0.69 
    49 5.889e-003      0.09 0.70      0.06      0.04   0.43   0.49 
    50 3.118e-002      0.20 0.59      0.13      0.07   0.51   0.55 
    51 6.928e-004      0.03 0.62      0.02      0.01   0.41   0.82 
    52 1.143e-002      0.12 0.41      0.10      0.04   0.35   0.43 
    53 3.118e-003      0.06 0.67      0.04      0.03   0.61   0.63 
    54 2.460e-002      0.18 0.25      0.17      0.04   0.56   0.58 
    55 3.984e-002      0.23 0.50      0.16      0.08   0.36   0.42 
    56 1.386e-003      0.04 0.59      0.03      0.02   0.51   0.73 
    57 2.356e-002      0.17 0.47      0.13      0.06   0.49   0.61 
    58 1.697e-002      0.15 0.42      0.12      0.05   0.43   0.45 
    59 2.390e-002      0.17 0.48      0.12      0.06   0.83   0.56 
    60 8.660e-003      0.11 0.61      0.07      0.04   0.66   0.65 
    61 1.005e-002      0.11 0.56      0.08      0.04   0.36   0.41 
    62 6.235e-003      0.09 0.35      0.07      0.03   0.61   0.59 
    63 5.543e-003      0.08 0.56      0.06      0.03   0.41   0.43 
    64 5.889e-002      0.27 0.29      0.25      0.07   0.68   0.93 
    65 7.967e-003      0.10 0.43      0.08      0.03   0.76   1.00 
    66 1.005e-002      0.11 0.33      0.10      0.03   0.53   0.67 
    67 8.002e-002      0.32 0.30      0.30      0.09   0.52   0.51 
    68 6.928e-004      0.03 0.62      0.02      0.01   0.59   1.18 
    69 1.386e-002      0.13 0.54      0.09      0.05   0.59   0.56 
    70 1.420e-002      0.13 0.38      0.11      0.04   0.51   0.54 
    71 2.182e-002      0.17 0.56      0.11      0.06   0.46   0.59 
    72 9.353e-003      0.11 0.48      0.08      0.04   0.37   0.41 
    73 7.621e-003      0.10 0.52      0.07      0.03   0.38   0.44 
    74 1.490e-002      0.14 0.48      0.10      0.05   0.60   0.65 
    75 4.018e-002      0.23 0.45      0.17      0.08   0.44   0.48 
    76 1.524e-002      0.14 0.42      0.11      0.04   0.39   0.42 
    77 1.109e-002      0.12 0.55      0.09      0.05   0.36   0.41 
    78 1.697e-002      0.15 0.21      0.17      0.03   0.40   0.46 
    79 3.118e-003      0.06 0.58      0.04      0.02   0.23   0.13 
    80 3.707e-002      0.22 0.32      0.19      0.06   0.49   0.59 
    81 2.217e-002      0.17 0.48      0.13      0.06   0.44   0.45 
    82 2.009e-002      0.16 0.20      0.18      0.04   0.42   0.51 
    83 3.118e-002      0.20 0.40      0.16      0.06   0.46   0.53 
    84 4.399e-002      0.24 0.42      0.18      0.07   0.55   0.59 
    85 1.940e-002      0.16 0.39      0.13      0.05   0.44   0.49 
    86 1.871e-002      0.15 0.43      0.12      0.05   0.43   0.50 
    87 1.005e-001      0.36 0.25      0.37      0.09   0.42   0.43 
    88 1.212e-002      0.12 0.41      0.10      0.04   0.52   0.56 
    89 1.628e-002      0.14 0.51      0.10      0.05   0.47   0.61 
    90 3.014e-002      0.20 0.27      0.19      0.05   0.75   0.59 
    91 5.993e-002      0.28 0.24      0.28      0.07   1.12   0.42 
    92 1.212e-002      0.12 0.62      0.08      0.05   0.52   0.57 
    93 2.529e-002      0.18 0.67      0.12      0.08   0.40   0.45 
    94 7.621e-003      0.10 0.36      0.08      0.03   0.55   0.61 
    95 4.295e-002      0.23 0.36      0.20      0.07   0.38   0.38 
    96 3.014e-002      0.20 0.21      0.22      0.05   0.57   0.49 
    97 5.889e-003      0.09 0.50      0.06      0.03   0.36   0.41 
    98 1.060e-001      0.37 0.24      0.37      0.09   1.21   0.73 
    99 6.097e-002      0.28 0.60      0.17      0.10   0.42   0.46 
   100 3.118e-003      0.06 0.44      0.05      0.02   0.29   0.28 
   101 1.109e-002      0.12 0.56      0.08      0.04   0.45   0.48 
   102 1.905e-002      0.16 0.47      0.11      0.05   0.40   0.40 
   103 8.314e-003      0.10 0.57      0.07      0.04   0.72   0.75 
   104 3.118e-003      0.06 0.46      0.05      0.02   0.80   1.01 
   105 5.889e-003      0.09 0.45      0.06      0.03   0.35   0.44 
   106 3.984e-002      0.23 0.27      0.22      0.06   0.59   0.53 
   107 6.928e-004      0.03 0.62      0.02      0.01   0.83   1.66 
   108 5.508e-002      0.26 0.29      0.25      0.07   0.53   0.58 
   109 2.009e-002      0.16 0.34      0.13      0.05   0.41   0.48 
   110 2.113e-002      0.16 0.26      0.17      0.04   0.62   0.61 
   111 2.252e-002      0.17 0.46      0.12      0.06   0.54   0.56 
   112 2.771e-003      0.06 0.61      0.04      0.02   0.48   0.37 
   113 2.321e-002      0.17 0.29      0.16      0.05   0.60   0.63 
   114 3.118e-003      0.06 0.58      0.04      0.02   0.69   0.68 
   115 1.306e-001      0.41 0.27      0.39      0.11   0.54   0.55 
   116 8.487e-002      0.33 0.24      0.34      0.08   1.11   0.53 
   117 7.275e-003      0.10 0.50      0.07      0.03   0.51   0.55 
   118 5.646e-002      0.27 0.41      0.20      0.08   0.42   0.46 
   119 1.732e-002      0.15 0.46      0.11      0.05   0.38   0.44 
   120 6.582e-003      0.09 0.30      0.08      0.02   0.35   0.36 
   121 9.769e-002      0.35 0.28      0.34      0.09   0.52   0.63 
   122 9.353e-003      0.11 0.66      0.06      0.04   0.57   0.53 
   123 1.524e-002      0.14 0.46      0.10      0.05   0.46   0.57 
   124 1.178e-002      0.12 0.45      0.09      0.04   0.36   0.37 
   125 2.425e-002      0.18 0.40      0.15      0.06   0.52   0.58 
   126 6.582e-003      0.09 0.28      0.09      0.03   0.51   0.53 
   127 6.824e-002      0.29 0.42      0.22      0.09   2.00   0.76 
   128 7.967e-003      0.10 0.38      0.08      0.03   0.47   0.50 
   129 1.524e-002      0.14 0.33      0.13      0.04   0.48   0.56 
   130 7.621e-003      0.10 0.33      0.09      0.03   0.69   0.79 
   131 3.845e-002      0.22 0.50      0.17      0.09   2.14   0.78 
   132 2.979e-002      0.19 0.35      0.17      0.06   0.64   0.74 
   133 4.157e-003      0.07 0.34      0.06      0.02   0.44   0.51 
   134 3.811e-002      0.22 0.27      0.21      0.06   0.33   0.38 
   135 2.910e-002      0.19 0.22      0.22      0.05   0.87   0.42 
   136 4.919e-002      0.25 0.37      0.20      0.07   0.42   0.49 
   137 4.503e-003      0.08 0.46      0.06      0.03   0.73   0.84 
   138 7.482e-002      0.31 0.37      0.27      0.10   0.41   0.42 
   139 2.633e-002      0.18 0.35      0.15      0.05   0.52   0.56 
   140 1.178e-002      0.12 0.49      0.09      0.04   0.67   0.99 
   141 1.039e-002      0.12 0.43      0.09      0.04   0.68   0.67 
   142 4.607e-002      0.24 0.32      0.21      0.07   0.51   0.49 
   143 1.455e-002      0.14 0.36      0.11      0.04   0.44   0.44 
   144 9.007e-003      0.11 0.61      0.07      0.04   0.47   0.43 
   145 2.252e-002      0.17 0.38      0.14      0.05   0.43   0.48 
   146 1.697e-002      0.15 0.29      0.17      0.05   0.45   0.51 
   147 1.386e-003      0.04 0.53      0.03      0.02   1.18   0.79 
   148 9.007e-003      0.11 0.43      0.08      0.03   0.47   0.55 
   149 4.919e-002      0.25 0.55      0.17      0.09   0.44   0.48 
   150 3.741e-002      0.22 0.38      0.17      0.07   0.54   0.55 
   151 2.771e-003      0.06 0.42      0.05      0.02   0.24   0.18 
   152 2.598e-002      0.18 0.31      0.16      0.05   1.22   0.72 
   153 1.174e-001      0.39 0.35      0.33      0.11   1.14   0.51 
   154 1.005e-002      0.11 0.61      0.08      0.05   0.62   0.56 
   155 6.270e-002      0.28 0.42      0.22      0.09   0.39   0.42 
   156 3.429e-002      0.21 0.36      0.18      0.06   0.56   0.61 
   157 8.314e-003      0.10 0.54      0.08      0.04   0.49   0.54 
   158 1.063e-001      0.37 0.42      0.28      0.12   0.37   0.39 
   159 1.316e-002      0.13 0.29      0.12      0.04   0.50   0.53 
   160 2.667e-002      0.18 0.48      0.13      0.06   0.74   0.72 
   161 5.196e-003      0.08 0.52      0.06      0.03   0.70   0.92 
   162 1.386e-002      0.13 0.48      0.10      0.05   0.50   0.58 
   163 1.039e-003      0.04 0.44      0.03      0.01   0.25   0.36 
   164 1.420e-002      0.13 0.45      0.10      0.05   0.54   0.62 
   165 4.538e-002      0.24 0.44      0.18      0.08   0.43   0.47 
   166 2.633e-002      0.18 0.59      0.12      0.07   0.48   0.49 
   167 2.148e-002      0.17 0.25      0.17      0.04   2.09   0.83 
   168 2.044e-002      0.16 0.52      0.11      0.06   0.37   0.44 
   169 5.196e-003      0.08 0.73      0.05      0.04   0.56   0.63 
   170 2.875e-002      0.19 0.44      0.15      0.06   0.40   0.41 
   171 2.702e-002      0.19 0.51      0.13      0.07   0.41   0.43 
   172 2.425e-002      0.18 0.50      0.12      0.06   0.41   0.47 
   173 1.247e-002      0.13 0.52      0.09      0.05   0.43   0.49 
   174 1.109e-002      0.12 0.46      0.09      0.04   0.44   0.48 
   175 8.037e-002      0.32 0.29      0.31      0.09   1.10   1.00 
   176 2.875e-002      0.19 0.47      0.13      0.06   0.58   0.64 
   177 3.429e-002      0.21 0.50      0.15      0.07   0.30   0.37 
   178 7.967e-003      0.10 0.46      0.07      0.03   0.50   0.60 
   179 3.464e-003      0.07 0.37      0.06      0.02   0.32   0.20 
   180 1.351e-002      0.13 0.53      0.09      0.05   0.42   0.50 
   181 2.044e-002      0.16 0.24      0.17      0.04   0.52   0.50 
   182 8.314e-003      0.10 0.62      0.06      0.04   0.36   0.44 
   183 2.252e-002      0.17 0.44      0.13      0.06   0.59   0.71 
   184 3.464e-003      0.07 0.70      0.04      0.03   0.58   0.53 
   185 1.697e-002      0.15 0.57      0.10      0.06   0.56   0.70 
   186 5.196e-003      0.08 0.44      0.06      0.03   0.46   0.37 
   187 7.967e-003      0.10 0.56      0.07      0.04   0.80   0.81 
   188 6.928e-003      0.09 0.42      0.07      0.03   0.46   0.48 
   189 6.235e-003      0.09 0.48      0.06      0.03   0.68   0.79 
   190 1.247e-002      0.13 0.48      0.09      0.04   0.54   0.59 
   191 6.928e-002      0.30 0.32      0.26      0.08   0.66   0.76 
   192 1.005e-002      0.11 0.64      0.07      0.05   0.72   0.67 
   193 1.005e-002      0.11 0.44      0.08      0.04   0.52   0.68 
   194 3.672e-002      0.22 0.30      0.19      0.06   0.45   0.51 
   195 1.697e-002      0.15 0.38      0.13      0.05   0.51   0.56 
   196 4.295e-002      0.23 0.22      0.26      0.06   1.99   0.70 
   197 1.663e-002      0.15 0.45      0.11      0.05   0.49   0.51 
   198 3.118e-003      0.06 0.67      0.04      0.03   0.19   0.18 
   199 1.212e-002      0.12 0.35      0.11      0.04   0.49   0.46 
   200 7.967e-003      0.10 0.56      0.07      0.04   0.59   0.70 
   201 5.369e-002      0.26 0.23      0.28      0.07   0.97   0.52 
   202 2.425e-003      0.06 0.54      0.04      0.02   0.09   0.07 
   203 3.914e-002      0.22 0.48      0.16      0.07   0.39   0.48 
   204 1.285e-001      0.40 0.41      0.32      0.13   0.84   0.59 
   205 6.062e-002      0.28 0.56      0.19      0.11   0.37   0.43 
   206 1.427e-001      0.43 0.20      0.47      0.09   0.62   0.40 
   207 2.356e-002      0.17 0.54      0.12      0.06   0.56   0.61 
   208 1.109e-002      0.12 0.53      0.08      0.04   0.53   0.55 
   209 1.282e-002      0.13 0.49      0.09      0.04   0.52   0.54 
   210 2.078e-002      0.16 0.36      0.13      0.05   0.59   0.62 
   211 2.113e-002      0.16 0.34      0.14      0.05   0.80   0.60 
   212 1.663e-002      0.15 0.39      0.12      0.05   0.48   0.52 
   213 2.009e-002      0.16 0.29      0.15      0.04   0.56   0.54 
   214 1.871e-002      0.15 0.52      0.11      0.06   0.46   0.46 
   215 1.005e-002      0.11 0.47      0.08      0.04   0.42   0.48 
   216 7.967e-003      0.10 0.49      0.07      0.04   0.29   0.32 
   217 2.078e-003      0.05 0.68      0.03      0.02   0.22   0.26 
   218 2.875e-002      0.19 0.49      0.13      0.07   0.48   0.53 
   219 6.928e-002      0.30 0.29      0.30      0.09   3.16   0.75 
   220 3.811e-002      0.22 0.46      0.16      0.07   0.47   0.56 
   221 1.732e-003      0.05 0.41      0.04      0.02   0.30   0.16 
   222 5.889e-003      0.09 0.28      0.08      0.02   0.58   0.68 
   223 5.889e-003      0.09 0.41      0.07      0.03   0.58   0.63 
   224 2.044e-002      0.16 0.23      0.19      0.04   1.43   0.65 
   225 1.940e-002      0.16 0.70      0.09      0.06   0.43   0.39 
   226 7.967e-003      0.10 0.59      0.08      0.05   0.48   0.43 
   227 7.621e-003      0.10 0.41      0.08      0.03   0.47   0.48 
   228 1.109e-002      0.12 0.45      0.09      0.04   0.49   0.61 
   229 3.464e-003      0.07 0.51      0.05      0.02   0.38   0.51 
   230 1.905e-002      0.16 0.41      0.12      0.05   0.57   0.63 
   231 7.967e-003      0.10 0.60      0.06      0.04   0.44   0.44 
   232 1.801e-002      0.15 0.37      0.12      0.05   0.41   0.44 
   233 2.529e-002      0.18 0.49      0.13      0.06   0.53   0.54 
   234 1.109e-002      0.12 0.55      0.08      0.04   0.68   0.83 
   235 2.044e-002      0.16 0.45      0.12      0.05   0.44   0.49 
   236 7.275e-003      0.10 0.44      0.07      0.03   0.46   0.45 
   237 3.568e-002      0.21 0.34      0.18      0.06   0.34   0.39 
   238 4.642e-002      0.24 0.42      0.20      0.09   0.79   0.55 
   239 2.633e-002      0.18 0.25      0.19      0.05   1.67   0.70 
   240 3.603e-002      0.21 0.36      0.18      0.06   1.02   0.63 
   241 7.552e-002      0.31 0.24      0.35      0.08   1.80   0.75 
   242 1.386e-002      0.13 0.43      0.10      0.04   0.39   0.50 
   243 4.226e-002      0.23 0.57      0.15      0.09   0.32   0.40 
   244 4.503e-003      0.08 0.61      0.05      0.03   0.42   0.56 
   245 1.074e-002      0.12 0.34      0.10      0.03   1.45   0.80 
   246 4.157e-003      0.07 0.62      0.05      0.03   0.42   0.40 
   247 9.353e-003      0.11 0.47      0.08      0.04   0.43   0.45 
   248 6.997e-002      0.30 0.29      0.28      0.08   2.31   0.62 
   249 2.806e-002      0.19 0.49      0.13      0.06   0.55   0.67 
   250 2.771e-003      0.06 0.59      0.04      0.02   0.32   0.20 
   251 1.420e-002      0.13 0.42      0.11      0.05   0.50   0.56 
   252 7.621e-003      0.10 0.53      0.07      0.04   0.51   0.43 
   253 4.330e-002      0.23 0.48      0.17      0.08   0.32   0.38 
   254 3.984e-002      0.23 0.50      0.16      0.08   0.48   0.51 
   255 1.202e-001      0.39 0.23      0.42      0.10   0.80   0.46 
   256 9.699e-003      0.11 0.39      0.09      0.03   0.55   0.60 
   257 1.316e-002      0.13 0.67      0.08      0.05   0.37   0.43 
   258 2.078e-003      0.05 0.40      0.04      0.02   0.64   0.61 
   259 7.967e-003      0.10 0.34      0.09      0.03   0.72   0.73 
   260 1.767e-002      0.15 0.33      0.14      0.05   0.81   0.74 
   261 3.672e-002      0.22 0.24      0.24      0.06   0.71   0.46 
   262 3.152e-002      0.20 0.51      0.14      0.07   0.49   0.55 
   263 1.386e-003      0.04 0.34      0.04      0.01   0.27   0.38 
   264 6.097e-002      0.28 0.39      0.22      0.09   0.48   0.49 
   265 1.143e-002      0.12 0.52      0.08      0.04   0.48   0.60 
   266 3.118e-002      0.20 0.32      0.18      0.06   0.47   0.57 
   267 7.482e-002      0.31 0.22      0.38      0.08   1.46   0.52 
   268 1.490e-002      0.14 0.51      0.10      0.05   0.51   0.52 
   269 4.538e-002      0.24 0.47      0.17      0.08   0.38   0.44 
   270 3.152e-002      0.20 0.52      0.14      0.07   0.41   0.47 
   271 5.889e-003      0.09 0.57      0.06      0.03   0.45   0.55 
   272 4.573e-002      0.24 0.58      0.16      0.09   0.43   0.47 
   273 6.997e-002      0.30 0.56      0.20      0.11   0.47   0.46 
   274 3.464e-003      0.07 0.49      0.05      0.02   0.50   0.51 
   275 1.005e-002      0.11 0.38      0.09      0.04   0.49   0.58 
   276 3.811e-003      0.07 0.70      0.04      0.03   0.55   0.56 
   277 2.494e-002      0.18 0.46      0.13      0.06   0.45   0.50 
   278 4.503e-003      0.08 0.64      0.05      0.03   0.44   0.43 
   279 1.767e-002      0.15 0.55      0.10      0.05   0.54   0.63 
   280 6.928e-003      0.09 0.63      0.06      0.04   0.34   0.39 
   281 6.582e-003      0.09 0.52      0.06      0.03   0.49   0.62 
   282 1.178e-002      0.12 0.53      0.09      0.05   0.41   0.47 
   283 1.490e-002      0.14 0.34      0.12      0.04   0.53   0.63 
   284 5.924e-002      0.27 0.31      0.26      0.08   1.77   0.74 
   285 1.455e-002      0.14 0.30      0.13      0.04   0.43   0.47 
   286 7.275e-003      0.10 0.51      0.07      0.03   1.03   0.58 
   287 1.081e-001      0.37 0.35      0.32      0.11   0.43   0.46 
   288 8.002e-002      0.32 0.41      0.26      0.11   0.36   0.40 
   289 3.256e-002      0.20 0.61      0.13      0.08   0.65   0.48 
   290 5.716e-002      0.27 0.24      0.28      0.07   0.34   0.37 
   291 3.014e-002      0.20 0.49      0.14      0.07   0.49   0.43 
   292 3.360e-002      0.21 0.63      0.13      0.08   0.46   0.53 
   293 6.513e-002      0.29 0.22      0.33      0.07   1.31   0.42 
   294 2.944e-002      0.19 0.38      0.16      0.06   0.44   0.44 
   295 1.663e-002      0.15 0.38      0.12      0.04   0.50   0.58 
   296 5.127e-002      0.26 0.50      0.18      0.09   0.47   0.55 
   297 3.811e-003      0.07 0.40      0.06      0.02   0.35   0.15 
   298 1.767e-002      0.15 0.46      0.11      0.05   0.52   0.64 
   299 3.603e-002      0.21 0.51      0.15      0.08   0.42   0.47 
   300 2.252e-002      0.17 0.50      0.12      0.06   0.59   0.57 
   301 5.196e-003      0.08 0.33      0.07      0.02   0.36   0.43 
   302 3.811e-002      0.22 0.31      0.20      0.06   0.46   0.53 
   303 7.621e-003      0.10 0.56      0.06      0.04   0.34   0.40 
   304 1.074e-002      0.12 0.32      0.10      0.03   0.82   1.22 
   305 1.483e-001      0.43 0.55      0.30      0.17   1.45   0.67 
   306 2.252e-002      0.17 0.34      0.14      0.05   0.35   0.39 
   307 3.464e-003      0.07 0.70      0.04      0.03   0.51   0.71 
   308 3.152e-002      0.20 0.31      0.19      0.06   0.31   0.36 
   309 1.303e-001      0.41 0.25      0.43      0.11   2.18   0.57 
   310 1.524e-002      0.14 0.39      0.12      0.05   0.84   0.55 
   311 1.039e-003      0.04 0.79      0.02      0.02   0.03   0.03 
   312 4.330e-002      0.23 0.44      0.18      0.08   0.37   0.40 
   313 8.383e-002      0.33 0.43      0.25      0.11   0.39   0.45 
   314 8.868e-002      0.34 0.42      0.26      0.11   0.59   0.48 
   315 4.850e-003      0.08 0.65      0.05      0.03   0.48   0.57 
   316 3.741e-002      0.22 0.38      0.18      0.07   0.36   0.38 
   317 9.699e-003      0.11 0.31      0.10      0.03   0.51   0.60 
   318 3.707e-002      0.22 0.45      0.16      0.07   0.48   0.58 
   319 2.598e-002      0.18 0.50      0.13      0.07   0.43   0.55 
   320 2.078e-002      0.16 0.64      0.10      0.07   0.45   0.49 
   321 4.434e-002      0.24 0.58      0.16      0.09   0.91   0.55 
   322 2.425e-003      0.06 0.53      0.04      0.02   0.81   0.54 
   323 1.365e-001      0.42 0.34      0.35      0.12   2.28   0.54 
   324 2.425e-003      0.06 0.54      0.04      0.02   0.45   0.48 
   325 2.425e-003      0.06 0.84      0.03      0.03   0.04   0.04 
   326 4.815e-002      0.25 0.45      0.18      0.08   0.48   0.57 
   327 3.811e-003      0.07 0.57      0.05      0.03   0.28   0.37 
   328 9.353e-003      0.11 0.34      0.10      0.03   0.42   0.51 
   329 2.425e-003      0.06 0.38      0.05      0.02   0.84   0.44 
   330 3.464e-002      0.21 0.47      0.15      0.07   0.64   0.65 
   331 7.967e-003      0.10 0.45      0.08      0.03   0.52   0.52 
   332 4.365e-002      0.24 0.29      0.23      0.06   1.94   0.53 
   333 1.143e-002      0.12 0.35      0.10      0.04   0.60   0.63 
   334 4.157e-003      0.07 0.45      0.06      0.02   0.37   0.48 
   335 1.039e-003      0.04 0.44      0.03      0.01   0.31   0.35 
   336 1.386e-003      0.04 0.55      0.03      0.02   0.35   0.38 
   337 9.665e-002      0.35 0.29      0.35      0.10   1.43   0.53 
   338 6.928e-003      0.09 0.27      0.09      0.02   0.67   0.77 
   339 1.621e-001      0.45 0.33      0.41      0.14   1.08   0.44 
   340 6.928e-004      0.03 0.62      0.02      0.01   0.39   0.78 
   341 9.699e-003      0.11 0.48      0.08      0.04   0.45   0.52 
   342 2.979e-002      0.19 0.47      0.14      0.07   0.46   0.49 
   343 6.928e-004      0.03 0.62      0.02      0.01   0.39   0.79 
   344 8.660e-003      0.11 0.28      0.10      0.03   0.44   0.44 
   345 1.178e-002      0.12 0.53      0.08      0.04   0.47   0.51 
   346 1.455e-002      0.14 0.59      0.09      0.05   0.55   0.59 
   347 8.071e-002      0.32 0.40      0.26      0.10   2.60   0.68 
   348 4.538e-002      0.24 0.33      0.21      0.07   0.36   0.44 
   349 1.351e-002      0.13 0.39      0.10      0.04   0.40   0.48 
   350 1.905e-002      0.16 0.46      0.11      0.05   0.48   0.49 
   351 1.109e-002      0.12 0.59      0.08      0.05   2.33   1.16 
   352 1.043e-001      0.36 0.45      0.27      0.12   0.43   0.41 
   353 5.196e-003      0.08 0.41      0.06      0.03   0.56   0.61 
   354 9.699e-003      0.11 0.42      0.09      0.04   0.35   0.35 
   355 5.335e-002      0.26 0.48      0.20      0.09   1.12   0.51 
   356 3.568e-002      0.21 0.30      0.20      0.06   0.55   0.48 
   357 1.039e-003      0.04 0.44      0.03      0.01   0.23   0.26 
   358 3.360e-002      0.21 0.26      0.20      0.05   0.55   0.54 
   359 4.884e-002      0.25 0.35      0.22      0.08   0.70   0.47 
   360 2.321e-002      0.17 0.38      0.14      0.05   0.33   0.43 
   361 2.113e-002      0.16 0.41      0.12      0.05   1.74   0.83 
   362 4.503e-003      0.08 0.61      0.05      0.03   0.60   0.52 
   363 7.275e-003      0.10 0.53      0.07      0.04   0.58   0.75 
   364 1.039e-003      0.04 0.44      0.03      0.01   0.59   0.66 
   365 1.905e-002      0.16 0.54      0.11      0.06   0.34   0.35 
   366 7.621e-003      0.10 0.45      0.07      0.03   0.39   0.45 
   367 1.455e-002      0.14 0.44      0.10      0.04   0.48   0.62 
   368 4.157e-003      0.07 0.62      0.05      0.03   0.34   0.29 
   369 3.222e-002      0.20 0.54      0.14      0.08   0.62   0.62 
   370 1.697e-002      0.15 0.38      0.12      0.04   0.45   0.56 
   371 5.196e-003      0.08 0.39      0.06      0.03   0.42   0.49 
   372 2.875e-002      0.19 0.32      0.17      0.05   0.47   0.55 
   373 2.737e-002      0.19 0.45      0.14      0.06   0.36   0.42 
   374 4.850e-003      0.08 0.66      0.05      0.03   0.50   0.43 
   375 2.633e-002      0.18 0.59      0.12      0.07   0.37   0.39 
   376 7.933e-002      0.32 0.33      0.27      0.09   0.44   0.45 
   377 2.078e-003      0.05 0.75      0.03      0.02   0.31   0.32 
   378 1.801e-002      0.15 0.46      0.11      0.05   0.44   0.54 
   379 3.360e-002      0.21 0.31      0.19      0.06   0.42   0.45 
   380 6.235e-003      0.09 0.68      0.06      0.04   0.67   0.59 
   381 8.245e-002      0.32 0.24      0.33      0.08   3.36   0.58 
   382 8.314e-003      0.10 0.31      0.09      0.03   0.38   0.42 
   383 1.316e-002      0.13 0.47      0.09      0.04   0.32   0.35 
   384 1.628e-002      0.14 0.37      0.12      0.04   0.49   0.42 
   385 1.871e-002      0.15 0.43      0.12      0.05   0.62   0.67 
   386 4.434e-002      0.24 0.33      0.23      0.08   0.64   0.52 
   387 2.321e-002      0.17 0.53      0.12      0.06   0.37   0.42 
   388 1.836e-002      0.15 0.44      0.12      0.05   0.62   0.71 
   389 1.697e-002      0.15 0.53      0.10      0.05   0.49   0.58 
   390 1.351e-002      0.13 0.62      0.08      0.05   0.38   0.36 
   391 1.181e-001      0.39 0.35      0.31      0.11   1.14   0.47 
   392 2.113e-002      0.16 0.53      0.11      0.06   0.61   0.58 
   393 1.801e-002      0.15 0.27      0.15      0.04   0.55   0.42 
   394 6.928e-004      0.03 0.62      0.02      0.01   0.03   0.00 
   395 1.223e-001      0.39 0.42      0.31      0.13   2.01   0.59 
   396 5.889e-003      0.09 0.41      0.07      0.03   0.59   0.75 
   397 1.178e-002      0.12 0.20      0.14      0.03   0.52   0.41 
   398 1.178e-002      0.12 0.39      0.10      0.04   0.58   0.60 
   399 1.143e-002      0.12 0.64      0.07      0.05   0.47   0.56 
   400 3.464e-003      0.07 0.49      0.05      0.02   0.26   0.26 
   401 2.702e-002      0.19 0.56      0.13      0.07   1.25   0.62 
   402 1.559e-002      0.14 0.50      0.10      0.05   0.47   0.51 
   403 4.850e-003      0.08 0.37      0.06      0.02   0.50   0.41 
   404 3.533e-002      0.21 0.61      0.13      0.08   0.36   0.44 
   405 4.261e-002      0.23 0.59      0.15      0.09   0.46   0.46 
   406 1.905e-002      0.16 0.68      0.09      0.06   0.43   0.50 
   407 7.967e-003      0.10 0.43      0.08      0.03   0.65   0.58 
   408 7.482e-002      0.31 0.34      0.26      0.09   0.70   0.51 
   409 1.663e-002      0.15 0.28      0.13      0.04   0.43   0.48 
   410 5.508e-002      0.26 0.30      0.24      0.07   0.72   0.50 
   411 5.265e-002      0.26 0.50      0.18      0.09   0.33   0.38 
   412 3.499e-002      0.21 0.44      0.16      0.07   0.30   0.36 
   413 1.316e-002      0.13 0.40      0.10      0.04   0.53   0.61 
   414 5.750e-002      0.27 0.65      0.16      0.10   0.59   0.56 
   415 9.007e-003      0.11 0.55      0.07      0.04   0.65   0.63 
   416 1.559e-002      0.14 0.60      0.09      0.05   0.56   0.65 
   417 2.009e-002      0.16 0.33      0.14      0.05   0.31   0.34 
   418 2.425e-002      0.18 0.32      0.15      0.05   0.75   0.53 
   419 1.524e-002      0.14 0.61      0.09      0.05   0.43   0.51 
   420 2.182e-002      0.17 0.58      0.11      0.06   0.67   0.62 
   421 1.039e-002      0.12 0.34      0.10      0.03   0.52   0.63 
   422 5.612e-002      0.27 0.36      0.22      0.08   0.47   0.49 
   423 3.118e-003      0.06 0.58      0.04      0.02   0.39   0.25 
   424 4.330e-002      0.23 0.63      0.15      0.10   0.52   0.56 
   425 3.811e-002      0.22 0.36      0.18      0.07   0.40   0.41 
   426 1.420e-002      0.13 0.31      0.12      0.04   0.45   0.52 
   427 2.321e-002      0.17 0.34      0.15      0.05   1.06   0.90 
   428 4.157e-003      0.07 0.44      0.06      0.02   0.59   0.45 
   429 4.780e-002      0.25 0.29      0.23      0.07   0.59   0.36 
   430 9.699e-003      0.11 0.53      0.08      0.04   0.57   0.35 
   431 1.628e-002      0.14 0.33      0.12      0.04   0.59   0.69 
   432 9.353e-003      0.11 0.50      0.08      0.04   0.53   0.66 
   433 1.143e-002      0.12 0.56      0.08      0.05   0.58   0.54 
   434 1.767e-002      0.15 0.44      0.11      0.05   0.34   0.43 
   435 5.889e-002      0.27 0.36      0.23      0.08   0.91   0.47 
   436 3.118e-003      0.06 0.65      0.04      0.03   0.30   0.35 
   437 1.178e-002      0.12 0.47      0.09      0.04   0.57   0.61 
   438 3.603e-002      0.21 0.48      0.15      0.07   0.32   0.33 
   439 2.113e-002      0.16 0.50      0.11      0.06   0.40   0.47 
   440 8.314e-003      0.10 0.43      0.08      0.04   0.37   0.41 
   441 2.078e-003      0.05 0.33      0.05      0.02   0.41   0.26 
   442 8.002e-002      0.32 0.61      0.20      0.12   0.46   0.36 
   443 6.582e-002      0.29 0.49      0.21      0.10   0.67   0.47 
   444 2.979e-002      0.19 0.54      0.14      0.07   0.65   0.85 
   445 5.196e-003      0.08 0.73      0.05      0.03   0.50   0.53 
   446 1.732e-002      0.15 0.69      0.09      0.06   0.34   0.39 
   447 1.524e-002      0.14 0.47      0.10      0.05   0.40   0.48 
   448 3.187e-002      0.20 0.57      0.13      0.08   0.52   0.54 
   449 1.732e-003      0.05 0.63      0.03      0.02   0.21   0.24 
   450 2.425e-002      0.18 0.33      0.16      0.05   0.58   0.53 
   451 1.039e-003      0.04 0.44      0.03      0.01   0.23   0.26 
   452 1.344e-001      0.41 0.32      0.36      0.12   1.28   0.56 
   453 7.032e-002      0.30 0.44      0.22      0.10   0.50   0.49 
   454 3.499e-002      0.21 0.38      0.17      0.07   0.46   0.50 
   455 6.928e-004      0.03 0.62      0.02      0.01   0.37   0.73 
   456 8.314e-003      0.10 0.44      0.07      0.03   0.46   0.56 
   457 3.637e-002      0.22 0.53      0.15      0.08   0.41   0.47 
   458 8.972e-002      0.34 0.50      0.24      0.12   0.48   0.51 
   459 1.663e-002      0.15 0.48      0.10      0.05   0.44   0.49 
   460 2.841e-002      0.19 0.56      0.12      0.07   0.50   0.59 
   461 6.928e-004      0.03 0.62      0.02      0.01   0.65   1.30 
   462 2.286e-002      0.17 0.51      0.12      0.06   2.27   0.83 
   463 3.464e-003      0.07 0.50      0.05      0.02   0.68   0.42 
   464 5.543e-003      0.08 0.38      0.06      0.02   0.24   0.28 
   465 7.067e-002      0.30 0.30      0.28      0.08   0.48   0.51 
   466 3.845e-002      0.22 0.35      0.19      0.07   0.43   0.48 
   467 6.235e-003      0.09 0.54      0.06      0.03   0.49   0.32 
   468 3.118e-003      0.06 0.61      0.05      0.03   0.42   0.39 
   469 1.697e-002      0.15 0.52      0.10      0.05   0.46   0.53 
   470 1.351e-002      0.13 0.51      0.09      0.05   0.36   0.36 
   471 1.074e-002      0.12 0.27      0.11      0.03   0.64   0.50 
   472 2.078e-003      0.05 0.48      0.04      0.02   0.23   0.15 
   473 1.039e-002      0.12 0.37      0.09      0.03   0.36   0.41 
   474 4.746e-002      0.25 0.36      0.20      0.07   0.54   0.53 
   475 1.316e-002      0.13 0.43      0.10      0.04   0.51   0.59 
   476 2.633e-002      0.18 0.54      0.13      0.07   0.44   0.48 
   477 7.621e-003      0.10 0.47      0.07      0.03   0.37   0.40 
   478 1.074e-002      0.12 0.60      0.08      0.05   0.52   0.49 
   479 2.771e-003      0.06 0.42      0.05      0.02   0.72   0.82 
   480 1.386e-003      0.04 0.37      0.04      0.01   0.43   0.40 
   481 1.940e-002      0.16 0.62      0.10      0.06   0.53   0.54 
   482 6.894e-002      0.30 0.58      0.19      0.11   0.37   0.45 
   483 9.007e-003      0.11 0.54      0.07      0.04   0.40   0.35 
   484 9.457e-002      0.35 0.33      0.30      0.10   1.78   0.62 
   485 4.365e-002      0.24 0.28      0.22      0.06   0.48   0.49 
   486 1.767e-002      0.15 0.46      0.11      0.05   0.44   0.46 
   487 5.889e-003      0.09 0.57      0.06      0.03   0.39   0.36 
   488 3.707e-002      0.22 0.33      0.20      0.06   0.69   0.51 
   489 2.425e-003      0.06 0.58      0.04      0.02   0.36   0.22 
   490 7.309e-002      0.31 0.22      0.34      0.07   2.01   0.58 
   491 9.699e-003      0.11 0.59      0.07      0.04   0.52   0.45 
   492 2.182e-002      0.17 0.56      0.11      0.06   0.73   0.47 
   493 1.212e-002      0.12 0.58      0.08      0.05   0.58   0.74 
   494 3.637e-002      0.22 0.21      0.25      0.05   1.06   0.65 
   495 1.039e-002      0.12 0.35      0.10      0.03   0.37   0.47 
   496 1.593e-002      0.14 0.51      0.10      0.05   0.60   0.57 
   497 2.078e-003      0.05 0.41      0.04      0.02   0.29   0.15 
   498 9.284e-002      0.34 0.28      0.33      0.09   0.54   0.47 
   499 4.157e-003      0.07 0.58      0.05      0.03   0.35   0.39 
   500 4.919e-002      0.25 0.63      0.16      0.10   0.44   0.46 
   501 5.196e-003      0.08 0.67      0.05      0.03   0.63   0.46 
   502 5.543e-003      0.08 0.60      0.06      0.03   0.86   0.37 
   503 4.607e-002      0.24 0.20      0.28      0.06   0.83   0.72 
   504 7.275e-003      0.10 0.54      0.06      0.03   0.41   0.41 
   505 6.028e-002      0.28 0.32      0.26      0.08   1.06   0.47 
   506 3.118e-003      0.06 0.47      0.05      0.02   0.38   0.50 
   507 1.697e-002      0.15 0.46      0.11      0.05   0.51   0.56 
   508 4.850e-003      0.08 0.30      0.07      0.02   0.84   0.89 
   509 6.928e-004      0.03 0.62      0.02      0.01   0.08   0.16 
   510 6.928e-004      0.03 0.62      0.02      0.01   0.60   1.20 
   511 2.875e-002      0.19 0.38      0.16      0.06   0.41   0.53 
   512 1.455e-002      0.14 0.35      0.12      0.04   0.35   0.38 
   513 4.157e-003      0.07 0.62      0.05      0.03   0.53   0.33 
   514 7.967e-003      0.10 0.51      0.07      0.04   0.43   0.55 
   515 1.074e-002      0.12 0.44      0.09      0.04   0.49   0.55 
   516 1.940e-002      0.16 0.36      0.14      0.05   0.36   0.36 
   517 1.836e-002      0.15 0.48      0.11      0.05   0.50   0.42 
   518 1.420e-002      0.13 0.35      0.12      0.04   0.45   0.55 
   519 1.386e-003      0.04 0.55      0.03      0.02   0.19   0.21 
   520 1.282e-002      0.13 0.49      0.09      0.04   0.44   0.37 
   521 1.074e-002      0.12 0.32      0.10      0.03   0.72   0.76 
   522 1.178e-002      0.12 0.47      0.09      0.04   0.48   0.52 
   523 2.667e-002      0.18 0.48      0.13      0.06   0.84   0.51 
   524 7.379e-002      0.31 0.49      0.23      0.11   0.56   0.48 
   525 1.420e-002      0.13 0.59      0.09      0.05   0.59   0.61 
   526 4.850e-003      0.08 0.51      0.06      0.03   0.31   0.25 
   527 9.007e-003      0.11 0.52      0.08      0.04   0.52   0.54 
   528 2.078e-003      0.05 0.50      0.04      0.02   0.64   0.70 
   529 2.425e-002      0.18 0.37      0.15      0.06   0.37   0.45 
   530 1.351e-002      0.13 0.60      0.08      0.05   0.76   0.75 
   531 5.543e-003      0.08 0.29      0.08      0.02   3.22   0.84 
   532 2.113e-002      0.16 0.39      0.13      0.05   0.45   0.52 
   533 7.967e-003      0.10 0.46      0.08      0.04   0.60   0.63 
   534 2.113e-002      0.16 0.36      0.14      0.05   0.50   0.59 
   535 9.353e-003      0.11 0.63      0.07      0.04   0.44   0.43 
   536 2.598e-002      0.18 0.58      0.12      0.07   0.37   0.46 
   537 1.351e-002      0.13 0.42      0.10      0.04   0.44   0.50 
   538 4.884e-002      0.25 0.44      0.19      0.08   1.77   0.67 
   539 1.732e-002      0.15 0.45      0.11      0.05   0.66   0.82 
   540 2.425e-003      0.06 0.48      0.04      0.02   0.52   0.29 
   541 2.633e-002      0.18 0.32      0.17      0.05   0.38   0.40 
   542 1.490e-002      0.14 0.56      0.09      0.05   0.33   0.39 
   543 3.291e-002      0.20 0.38      0.17      0.07   0.49   0.47 
   544 1.039e-003      0.04 0.45      0.03      0.01   0.66   0.74 
   545 2.390e-002      0.17 0.46      0.13      0.06   0.45   0.60 
   546 4.157e-002      0.23 0.29      0.22      0.06   0.76   0.64 
   547 8.348e-002      0.33 0.35      0.29      0.10   0.44   0.42 
   548 4.850e-003      0.08 0.33      0.07      0.02   0.47   0.53 
   549 2.425e-002      0.18 0.46      0.13      0.06   0.46   0.46 
   550 9.007e-003      0.11 0.29      0.10      0.03   0.75   0.74 
   551 3.464e-003      0.07 0.36      0.06      0.02   0.80   0.49 
   552 2.806e-002      0.19 0.42      0.16      0.07   0.55   0.58 
   553 7.621e-003      0.10 0.55      0.07      0.04   0.43   0.49 
   554 2.425e-003      0.06 0.56      0.04      0.02   1.76   1.42 
   555 2.356e-002      0.17 0.36      0.14      0.05   0.49   0.49 
   556 3.152e-002      0.20 0.37      0.17      0.06   0.69   0.68 
   557 3.222e-002      0.20 0.50      0.14      0.07   0.38   0.42 
   558 3.672e-002      0.22 0.44      0.16      0.07   0.51   0.56 
   559 2.217e-002      0.17 0.47      0.12      0.06   0.91   0.74 
   560 5.785e-002      0.27 0.47      0.20      0.09   0.43   0.48 
   561 3.118e-003      0.06 0.58      0.04      0.02   0.45   0.25 
   562 5.958e-002      0.28 0.38      0.23      0.09   1.43   0.57 
   563 1.975e-002      0.16 0.30      0.14      0.04   0.58   0.57 
   564 7.621e-003      0.10 0.34      0.09      0.03   0.32   0.21 
   565 9.007e-003      0.11 0.55      0.07      0.04   0.54   0.65 
   566 2.771e-003      0.06 0.50      0.04      0.02   0.50   0.38 
   567 5.196e-003      0.08 0.50      0.06      0.03   0.56   0.49 
   568 3.118e-003      0.06 0.58      0.04      0.02   0.38   0.21 
   569 4.815e-002      0.25 0.35      0.25      0.09   0.82   0.56 
   570 4.642e-002      0.24 0.54      0.17      0.09   0.48   0.51 
   571 2.667e-002      0.18 0.57      0.12      0.07   0.38   0.49 
   572 4.261e-002      0.23 0.37      0.19      0.07   0.49   0.55 
   573 3.429e-002      0.21 0.46      0.15      0.07   0.40   0.45 
   574 2.390e-002      0.17 0.29      0.16      0.05   0.47   0.47 
   575 1.732e-003      0.05 0.41      0.04      0.02   0.65   0.97 
   576 7.967e-003      0.10 0.38      0.08      0.03   0.61   0.68 
   577 9.699e-003      0.11 0.52      0.08      0.04   0.39   0.41 
   578 5.543e-003      0.08 0.37      0.07      0.03   0.68   0.69 
   579 2.356e-002      0.17 0.41      0.13      0.05   0.45   0.46 
   580 5.543e-002      0.27 0.24      0.28      0.07   2.87   0.74 
   581 4.018e-002      0.23 0.45      0.17      0.08   0.41   0.48 
   582 9.353e-003      0.11 0.31      0.10      0.03   0.45   0.51 
   583 2.563e-002      0.18 0.51      0.13      0.06   0.53   0.59 
   584 4.850e-002      0.25 0.49      0.18      0.09   0.34   0.40 
   585 9.007e-003      0.11 0.31      0.11      0.03   0.63   0.65 
   586 1.836e-002      0.15 0.42      0.12      0.05   0.62   0.70 
   587 3.464e-003      0.07 0.48      0.05      0.02   0.43   0.47 
   588 1.105e-001      0.38 0.56      0.25      0.14   0.41   0.42 
   589 8.383e-002      0.33 0.32      0.29      0.09   0.44   0.44 
   590 4.954e-002      0.25 0.64      0.15      0.10   0.72   0.52 
   591 3.429e-002      0.21 0.52      0.14      0.07   0.39   0.44 
   592 1.628e-002      0.14 0.54      0.10      0.05   0.42   0.51 
   593 2.078e-003      0.05 0.43      0.04      0.02   0.36   0.39 
   594 3.811e-003      0.07 0.50      0.05      0.02   0.36   0.38 
   595 8.764e-002      0.33 0.26      0.33      0.09   0.43   0.47 
   596 1.767e-002      0.15 0.47      0.11      0.05   0.38   0.47 
   597 3.845e-002      0.22 0.41      0.17      0.07   0.43   0.47 
   598 5.196e-003      0.08 0.53      0.06      0.03   0.41   0.42 
   599 2.425e-003      0.06 0.37      0.05      0.02   0.60   0.61 
   600 1.871e-002      0.15 0.57      0.10      0.06   0.68   0.62 
   601 2.009e-002      0.16 0.53      0.11      0.06   1.95   0.89 
   602 6.928e-004      0.03 0.62      0.02      0.01   2.27   4.54 
   603 1.732e-003      0.05 0.41      0.04      0.02   0.07   0.05 
   604 1.039e-002      0.12 0.44      0.09      0.04   0.61   0.67 
   605 1.559e-002      0.14 0.49      0.10      0.05   0.35   0.39 
   606 5.889e-002      0.27 0.62      0.17      0.11   0.43   0.52 
   607 5.473e-002      0.26 0.27      0.26      0.07   0.41   0.43 
   608 7.621e-003      0.10 0.58      0.06      0.04   0.50   0.60 
   609 8.972e-002      0.34 0.26      0.33      0.09   2.47   0.66 
   610 7.967e-003      0.10 0.48      0.08      0.04   0.55   0.71 
   611 2.944e-002      0.19 0.57      0.13      0.07   0.46   0.50 
   612 2.321e-002      0.17 0.36      0.14      0.05   0.46   0.45 
   613 3.118e-003      0.06 0.45      0.05      0.02   0.54   0.69 
   614 1.871e-002      0.15 0.38      0.13      0.05   0.42   0.50 
   615 1.074e-002      0.12 0.34      0.10      0.03   0.44   0.49 
   616 9.353e-003      0.11 0.67      0.06      0.04   0.43   0.47 
   617 2.875e-002      0.19 0.39      0.16      0.06   0.51   0.62 
   618 1.212e-002      0.12 0.46      0.09      0.04   0.51   0.59 
   619 2.979e-002      0.19 0.35      0.17      0.06   0.53   0.53 
   620 6.997e-002      0.30 0.45      0.22      0.10   0.39   0.40 
   621 2.044e-002      0.16 0.47      0.12      0.05   0.57   0.48 
   622 7.275e-003      0.10 0.37      0.08      0.03   0.42   0.38 
   623 7.967e-003      0.10 0.49      0.08      0.04   0.33   0.33 
   624 2.009e-002      0.16 0.31      0.14      0.04   0.76   0.53 
   625 9.353e-003      0.11 0.51      0.07      0.04   0.75   0.84 
   626 1.212e-002      0.12 0.39      0.10      0.04   0.58   0.66 
   627 6.582e-003      0.09 0.46      0.07      0.03   0.56   0.56 
   628 2.078e-002      0.16 0.45      0.12      0.05   0.51   0.65 
   629 8.660e-003      0.11 0.50      0.07      0.04   0.43   0.52 
   630 4.295e-002      0.23 0.50      0.16      0.08   0.50   0.54 
   631 2.078e-002      0.16 0.56      0.11      0.06   0.53   0.63 
   632 1.559e-002      0.14 0.42      0.11      0.05   0.49   0.61 
   633 1.351e-002      0.13 0.36      0.11      0.04   0.44   0.43 
   634 1.178e-002      0.12 0.46      0.09      0.04   0.62   0.64 
   635 9.526e-002      0.35 0.35      0.29      0.10   1.58   0.86 
   636 1.524e-002      0.14 0.35      0.12      0.04   0.50   0.54 
   637 3.118e-003      0.06 0.47      0.05      0.02   0.35   0.36 
   638 3.395e-002      0.21 0.55      0.14      0.08   0.46   0.50 
   639 5.508e-002      0.26 0.37      0.21      0.08   0.43   0.47 
   640 1.697e-002      0.15 0.38      0.12      0.05   0.49   0.61 
   641 2.182e-002      0.17 0.55      0.11      0.06   0.38   0.41 
   642 3.707e-002      0.22 0.36      0.18      0.06   0.55   0.60 
   643 8.764e-002      0.33 0.38      0.27      0.10   0.70   0.55 
   644 5.196e-003      0.08 0.53      0.06      0.03   0.85   0.73 
   645 1.559e-002      0.14 0.56      0.09      0.05   0.91   1.14 
   646 6.824e-002      0.29 0.64      0.18      0.12   0.40   0.45 
   647 2.910e-002      0.19 0.28      0.18      0.05   0.48   0.52 
   648 1.663e-002      0.15 0.53      0.10      0.05   0.48   0.55 
   649 3.464e-003      0.07 0.49      0.05      0.02   0.47   0.40 
   650 1.247e-002      0.13 0.72      0.07      0.05   0.50   0.57 
   651 6.235e-003      0.09 0.77      0.06      0.04   0.59   0.59 
   652 3.811e-003      0.07 0.46      0.05      0.02   0.59   0.42 
   653 2.425e-002      0.18 0.53      0.12      0.06   0.57   0.61 
   654 4.295e-002      0.23 0.55      0.15      0.08   0.43   0.43 
   655 3.048e-002      0.20 0.50      0.14      0.07   0.37   0.40 
   656 2.529e-002      0.18 0.26      0.17      0.04   0.47   0.49 
   657 1.351e-002      0.13 0.44      0.10      0.04   0.68   0.64 
   658 9.007e-003      0.11 0.54      0.07      0.04   0.36   0.44 
   659 3.811e-003      0.07 0.59      0.05      0.03   0.58   0.56 
   660 4.295e-002      0.23 0.26      0.23      0.06   1.13   0.52 
   661 3.429e-002      0.21 0.43      0.18      0.08   0.48   0.49 
   662 1.801e-002      0.15 0.49      0.11      0.05   0.37   0.40 
   663 2.667e-002      0.18 0.41      0.14      0.06   0.47   0.51 
   664 3.637e-002      0.22 0.40      0.17      0.07   0.46   0.49 
   665 1.178e-002      0.12 0.38      0.11      0.04   0.65   0.53 
   666 6.235e-003      0.09 0.43      0.07      0.03   0.55   0.35 
   667 2.702e-002      0.19 0.40      0.15      0.06   0.37   0.44 
   668 5.196e-003      0.08 0.33      0.07      0.02   0.56   0.65 
   669 6.235e-003      0.09 0.63      0.06      0.03   0.58   0.67 
   670 2.148e-002      0.17 0.46      0.12      0.05   0.41   0.49 
   671 3.118e-003      0.06 0.46      0.05      0.02   0.60   0.66 
   672 2.182e-002      0.17 0.33      0.15      0.05   0.45   0.45 
   673 1.050e-001      0.37 0.31      0.32      0.10   2.47   0.62 
   674 2.425e-002      0.18 0.52      0.12      0.06   0.60   0.59 
   675 3.395e-002      0.21 0.53      0.14      0.08   0.58   0.46 
   676 3.118e-003      0.06 0.46      0.05      0.02   0.38   0.55 
   677 8.626e-002      0.33 0.69      0.19      0.13   4.08   0.87 
   678 5.300e-002      0.26 0.45      0.19      0.08   0.43   0.46 
   679 6.235e-003      0.09 0.63      0.06      0.03   0.55   0.39 
   680 1.039e-002      0.12 0.44      0.09      0.04   0.48   0.49 
   681 4.088e-002      0.23 0.40      0.18      0.07   0.37   0.46 
   682 2.217e-002      0.17 0.39      0.13      0.05   1.13   0.87 
   683 7.621e-003      0.10 0.56      0.07      0.04   0.36   0.31 
   684 1.697e-002      0.15 0.60      0.10      0.06   0.37   0.40 
   685 1.663e-002      0.15 0.49      0.10      0.05   0.28   0.32 
   686 6.859e-002      0.30 0.48      0.21      0.10   2.02   0.89 
   687 3.464e-003      0.07 0.51      0.05      0.02   1.79   0.88 
   688 4.192e-002      0.23 0.23      0.24      0.05   0.34   0.39 
   689 4.642e-002      0.24 0.33      0.21      0.07   0.69   0.52 
   690 8.314e-003      0.10 0.45      0.08      0.03   0.53   0.51 
   691 4.573e-002      0.24 0.33      0.21      0.07   0.36   0.40 
   692 4.746e-002      0.25 0.36      0.21      0.08   0.46   0.46 
   693 3.014e-002      0.20 0.32      0.18      0.06   1.23   0.66 
   694 1.871e-002      0.15 0.60      0.10      0.06   0.55   0.59 
   695 6.443e-002      0.29 0.37      0.24      0.09   0.84   0.49 
   696 1.247e-002      0.13 0.39      0.10      0.04   0.51   0.60 
   697 2.148e-002      0.17 0.20      0.19      0.04   1.02   0.45 
   698 1.767e-002      0.15 0.52      0.10      0.05   0.44   0.49 
   699 3.984e-002      0.23 0.28      0.21      0.06   0.43   0.38 
   700 3.949e-002      0.22 0.26      0.24      0.06   1.59   0.62 
   701 1.282e-002      0.13 0.67      0.08      0.05   0.49   0.58 
   702 1.490e-002      0.14 0.48      0.10      0.05   0.53   0.61 
   703 1.593e-002      0.14 0.58      0.09      0.05   0.54   0.61 
   704 1.074e-002      0.12 0.53      0.08      0.04   0.45   0.49 
   705 3.222e-002      0.20 0.18      0.24      0.04   0.52   0.50 
   706 5.889e-003      0.09 0.44      0.07      0.03   0.44   0.43 
   707 3.395e-002      0.21 0.37      0.18      0.07   0.46   0.52 
   708 1.143e-002      0.12 0.57      0.08      0.05   0.57   0.70 
   709 1.074e-001      0.37 0.43      0.29      0.12   3.16   0.93 
   710 2.494e-002      0.18 0.39      0.14      0.06   0.54   0.65 
   711 2.182e-002      0.17 0.39      0.13      0.05   0.60   0.73 
   712 6.928e-003      0.09 0.49      0.06      0.03   2.09   1.01 
   713 2.113e-002      0.16 0.32      0.14      0.05   0.40   0.41 
   714 5.543e-003      0.08 0.51      0.06      0.03   0.31   0.36 
   715 5.993e-002      0.28 0.26      0.28      0.07   0.92   0.56 
   716 6.235e-003      0.09 0.54      0.06      0.03   0.72   0.47 
   717 2.771e-003      0.06 0.61      0.04      0.02   0.27   0.18 
   718 1.559e-002      0.14 0.26      0.14      0.04   0.56   0.50 
   719 5.196e-003      0.08 0.68      0.05      0.03   0.33   0.25 
   720 4.157e-003      0.07 0.46      0.06      0.03   1.00   1.40 
   721 5.231e-002      0.26 0.43      0.19      0.08   0.42   0.39 
   722 1.143e-002      0.12 0.41      0.09      0.04   0.63   0.74 
   723 1.871e-002      0.15 0.47      0.11      0.05   0.40   0.45 
   724 2.771e-003      0.06 0.42      0.05      0.02   0.68   1.02 
   725 3.118e-002      0.20 0.45      0.15      0.07   0.51   0.57 
   726 1.420e-002      0.13 0.33      0.12      0.04   0.73   0.71 
   727 7.171e-002      0.30 0.43      0.22      0.10   0.51   0.52 
   728 6.235e-003      0.09 0.61      0.06      0.03   0.83   0.96 
   729 7.621e-003      0.10 0.56      0.06      0.04   0.54   0.50 
   730 1.455e-002      0.14 0.59      0.09      0.05   0.66   0.61 
   731 7.621e-003      0.10 0.63      0.06      0.04   0.71   0.81 
   732 1.212e-002      0.12 0.33      0.11      0.04   0.50   0.57 
   733 1.490e-002      0.14 0.34      0.13      0.04   0.66   0.85 
   734 4.850e-003      0.08 0.54      0.05      0.03   0.41   0.39 
   735 7.275e-003      0.10 0.60      0.06      0.04   0.48   0.49 
   736 5.196e-003      0.08 0.52      0.06      0.03   0.64   0.50 
   737 9.699e-003      0.11 0.53      0.07      0.04   0.42   0.45 
   738 3.326e-002      0.21 0.52      0.15      0.08   1.12   0.77 
   739 4.192e-002      0.23 0.28      0.22      0.06   0.73   0.61 
   740 1.178e-002      0.12 0.39      0.10      0.04   0.49   0.51 
   741 4.884e-002      0.25 0.46      0.18      0.08   0.42   0.48 
   742 2.356e-002      0.17 0.45      0.13      0.06   0.43   0.53 
   743 2.841e-002      0.19 0.58      0.13      0.07   0.44   0.52 
   744 3.014e-002      0.20 0.37      0.16      0.06   0.50   0.56 
   745 1.732e-003      0.05 0.63      0.03      0.02   0.32   0.28 
   746 1.975e-002      0.16 0.50      0.11      0.06   0.35   0.42 
   747 1.316e-002      0.13 0.33      0.12      0.04   0.52   0.52 
   748 2.009e-002      0.16 0.58      0.11      0.07   0.44   0.51 
   749 5.958e-002      0.28 0.58      0.18      0.10   0.44   0.50 
   750 2.425e-002      0.18 0.34      0.16      0.06   0.52   0.56 
   751 1.386e-002      0.13 0.53      0.09      0.05   0.46   0.50 
   752 1.109e-002      0.12 0.47      0.09      0.04   0.61   0.63 
   753 1.074e-002      0.12 0.59      0.07      0.04   0.53   0.54 
   754 4.503e-003      0.08 0.52      0.06      0.03   0.93   0.61 
   755 1.420e-002      0.13 0.45      0.10      0.04   0.48   0.50 
   756 1.732e-003      0.05 0.63      0.03      0.02   0.03   0.03 
   757 2.875e-002      0.19 0.51      0.13      0.07   0.54   0.60 
   758 1.039e-002      0.12 0.26      0.12      0.03   0.51   0.65 
   759 4.503e-002      0.24 0.42      0.19      0.08   0.44   0.49 
   760 2.944e-002      0.19 0.39      0.15      0.06   0.64   0.65 
   761 1.386e-002      0.13 0.41      0.10      0.04   0.44   0.47 
   762 4.850e-003      0.08 0.37      0.06      0.02   0.66   0.70 
   763 1.732e-003      0.05 0.63      0.03      0.02   0.03   0.03 
   764 1.732e-003      0.05 0.63      0.03      0.02   0.22   0.26 
   765 3.326e-002      0.21 0.65      0.13      0.08   0.44   0.45 
   766 4.157e-003      0.07 0.44      0.06      0.02   0.52   0.62 
   767 1.732e-002      0.15 0.39      0.12      0.05   0.81   0.66 
   768 8.314e-003      0.10 0.58      0.07      0.04   0.71   0.72 
   769 3.256e-002      0.20 0.39      0.16      0.06   2.36   0.71 
   770 4.226e-002      0.23 0.44      0.18      0.08   2.89   1.01 
   771 1.351e-002      0.13 0.48      0.09      0.04   0.37   0.44 
   772 2.286e-002      0.17 0.43      0.13      0.05   0.42   0.46 
   773 8.314e-003      0.10 0.67      0.06      0.04   0.48   0.61 
   774 5.993e-002      0.28 0.57      0.17      0.10   0.39   0.38 
   775 3.811e-003      0.07 0.50      0.05      0.03   0.90   0.60 
   776 9.007e-003      0.11 0.56      0.07      0.04   0.47   0.50 
   777 3.811e-003      0.07 0.43      0.06      0.02   0.44   0.36 
   778 5.889e-002      0.27 0.59      0.18      0.10   0.45   0.56 
   779 6.582e-003      0.09 0.50      0.06      0.03   0.38   0.41 
   780 2.078e-002      0.16 0.60      0.11      0.06   1.99   0.76 
   781 3.326e-002      0.21 0.64      0.13      0.08   0.51   0.56 
   782 1.109e-002      0.12 0.39      0.10      0.04   0.59   0.70 
   783 1.039e-003      0.04 0.44      0.03      0.01   0.57   0.65 
   784 1.871e-002      0.15 0.48      0.12      0.06   0.54   0.45 
   785 1.143e-002      0.12 0.78      0.07      0.06   0.53   0.63 
   786 4.850e-002      0.25 0.78      0.15      0.12   0.37   0.37 
   787 3.429e-002      0.21 0.43      0.17      0.07   0.47   0.54 
   788 1.905e-002      0.16 0.50      0.11      0.05   0.53   0.57 
   789 8.314e-003      0.10 0.68      0.06      0.04   0.36   0.36 
   790 3.187e-002      0.20 0.52      0.14      0.07   0.47   0.50 
   791 9.699e-003      0.11 0.37      0.09      0.03   0.49   0.49 
   792 4.850e-003      0.08 0.67      0.05      0.03   0.33   0.35 
   793 2.944e-002      0.19 0.48      0.14      0.07   0.62   0.52 
   794 2.494e-002      0.18 0.64      0.11      0.07   0.35   0.41 
   795 3.776e-002      0.22 0.61      0.13      0.08   0.36   0.39 
   796 8.660e-003      0.11 0.62      0.07      0.04   0.42   0.38 
   797 2.806e-002      0.19 0.44      0.14      0.06   0.46   0.54 
   798 3.672e-002      0.22 0.52      0.14      0.07   0.53   0.41 
   799 4.157e-003      0.07 0.45      0.06      0.03   0.37   0.46 
   800 1.074e-002      0.12 0.53      0.08      0.04   0.48   0.46 
   801 7.967e-003      0.10 0.40      0.08      0.03   0.51   0.52 
   802 4.503e-003      0.08 0.47      0.06      0.03   0.57   0.82 
   803 2.148e-002      0.17 0.52      0.11      0.06   0.29   0.34 
   804 4.954e-002      0.25 0.46      0.18      0.08   0.90   0.83 
   805 1.697e-002      0.15 0.60      0.09      0.06   0.62   0.59 
   806 6.928e-003      0.09 0.63      0.06      0.04   0.49   0.58 
   807 1.420e-002      0.13 0.40      0.11      0.04   0.53   0.63 
   808 2.182e-002      0.17 0.46      0.12      0.06   0.48   0.59 
   809 6.582e-003      0.09 0.23      0.09      0.02   0.55   0.66 
   810 2.148e-002      0.17 0.61      0.10      0.06   0.48   0.58 
   811 3.464e-003      0.07 0.26      0.06      0.02   0.54   0.52 
   812 2.633e-002      0.18 0.54      0.12      0.07   0.41   0.44 
   813 1.593e-002      0.14 0.58      0.09      0.05   0.38   0.41 
   814 5.889e-003      0.09 0.34      0.07      0.02   0.50   0.62 
   815 1.351e-002      0.13 0.48      0.09      0.04   0.43   0.57 
   816 8.314e-003      0.10 0.46      0.08      0.04   0.35   0.39 
   817 1.247e-002      0.13 0.28      0.13      0.03   0.44   0.60 
   818 6.582e-003      0.09 0.26      0.09      0.02   0.33   0.44 
   819 1.975e-002      0.16 0.38      0.13      0.05   0.44   0.51 
   820 6.235e-003      0.09 0.52      0.06      0.03   0.83   0.84 
   821 4.850e-003      0.08 0.49      0.06      0.03   0.52   0.57 
   822 6.928e-003      0.09 0.50      0.07      0.03   0.35   0.41 
   823 6.928e-003      0.09 0.54      0.07      0.04   0.41   0.57 
   824 9.007e-003      0.11 0.49      0.08      0.04   0.33   0.37 
   825 3.464e-003      0.07 0.51      0.05      0.02   0.65   0.39 
   826 1.212e-002      0.12 0.46      0.09      0.04   0.34   0.39 
   827 7.275e-003      0.10 0.44      0.07      0.03   0.60   0.52 
   828 3.464e-003      0.07 0.48      0.05      0.02   0.43   0.39 
   829 1.732e-003      0.05 0.35      0.04      0.01   0.30   0.30 
   830 4.503e-003      0.08 0.50      0.06      0.03   0.47   0.62 
   831 8.660e-003      0.11 0.27      0.11      0.03   1.07   0.54 
   832 3.811e-003      0.07 0.54      0.05      0.03   0.48   0.46 
   833 3.811e-003      0.07 0.59      0.05      0.03   0.53   0.62 
   834 3.118e-003      0.06 0.65      0.04      0.03   0.30   0.41 
   835 3.811e-003      0.07 0.45      0.06      0.02   0.55   0.40 
   836 3.118e-003      0.06 0.47      0.05      0.02   0.45   0.50 
   837 2.771e-003      0.06 0.64      0.04      0.03   0.24   0.29 
   838 3.118e-003      0.06 0.45      0.05      0.02   0.43   0.52 
