# Header: Project1::Scan1 cleaned::All data::Grain Size   7/9/2021
# 
# Column 1: Integer identifying grain
# Column 2: Area of grain in square microns
# Column 3: Diameter of grain in microns
# Column 4: Aspect ratio of ellipse fit to grain
# Column 5: Length of major axis of ellipse fit to grain in microns
# Column 6: Length of minor axis of ellipse fit to grain in microns
# Column 7: Average orientation spread in grain (average misorientation of all point pairs)
# Column 8: Average misorientation in grain (average misorientation of neighboring point pairs)
     1 2.771e-003      0.06 0.36      0.05      0.02   0.39   0.34 
     2 2.078e-003      0.05 0.40      0.04      0.02   0.56   0.54 
     3 4.157e-003      0.07 0.28      0.07      0.02   0.56   0.67 
     4 7.967e-003      0.10 0.53      0.07      0.04   0.72   0.63 
     5 3.464e-003      0.07 0.29      0.06      0.02   0.43   0.35 
     6 4.850e-003      0.08 0.37      0.06      0.02   0.48   0.48 
     7 2.078e-003      0.05 0.40      0.04      0.02   0.40   0.45 
     8 2.944e-002      0.19 0.19      0.21      0.04   0.55   0.62 
     9 3.811e-003      0.07 0.28      0.06      0.02   0.42   0.43 
    10 1.732e-003      0.05 0.30      0.05      0.01   0.41   0.57 
    11 2.771e-003      0.06 0.26      0.06      0.02   0.54   0.48 
    12 1.005e-002      0.11 0.21      0.13      0.03   0.63   0.58 
    13 3.118e-003      0.06 0.45      0.05      0.02   0.34   0.14 
    14 7.621e-003      0.10 0.34      0.08      0.03   0.37   0.46 
    15 2.771e-003      0.06 0.40      0.05      0.02   0.45   0.74 
    16 4.850e-003      0.08 0.19      0.10      0.02   0.54   0.60 
    17 1.628e-002      0.14 0.13      0.21      0.03   0.46   0.42 
    18 1.732e-003      0.05 0.41      0.04      0.02   0.81   1.16 
    19 1.871e-002      0.15 0.20      0.18      0.04   0.48   0.56 
    20 2.771e-003      0.06 0.27      0.06      0.02   0.65   0.79 
    21 4.919e-002      0.25 0.20      0.28      0.06   0.44   0.52 
    22 4.850e-003      0.08 0.26      0.10      0.02   0.57   0.58 
    23 8.660e-003      0.11 0.25      0.11      0.03   0.41   0.51 
    24 4.503e-003      0.08 0.35      0.07      0.03   0.55   0.81 
    25 1.801e-002      0.15 0.34      0.13      0.04   0.56   0.66 
    26 4.503e-003      0.08 0.40      0.07      0.03   0.36   0.40 
    27 5.196e-003      0.08 0.50      0.06      0.03   0.31   0.28 
    28 1.663e-002      0.15 0.15      0.19      0.03   0.43   0.52 
    29 2.771e-003      0.06 0.26      0.06      0.02   0.42   0.44 
    30 2.563e-002      0.18 0.14      0.24      0.03   1.00   1.01 
    31 1.282e-002      0.13 0.26      0.13      0.03   0.41   0.49 
    32 1.940e-002      0.16 0.21      0.17      0.04   0.36   0.38 
    33 1.767e-002      0.15 0.27      0.14      0.04   0.49   0.58 
    34 1.386e-003      0.04 0.36      0.04      0.01   0.46   0.30 
    35 8.660e-003      0.11 0.41      0.08      0.03   0.44   0.57 
    36 9.353e-003      0.11 0.27      0.11      0.03   0.45   0.48 
    37 8.314e-003      0.10 0.34      0.09      0.03   0.41   0.53 
    38 7.275e-003      0.10 0.60      0.06      0.04   0.38   0.50 
    39 6.928e-004      0.03 0.62      0.02      0.01   0.47   0.95 
    40 6.582e-003      0.09 0.40      0.07      0.03   0.36   0.40 
    41 4.157e-003      0.07 0.26      0.07      0.02   0.32   0.40 
    42 3.118e-003      0.06 0.47      0.05      0.02   0.58   0.83 
    43 8.660e-003      0.11 0.33      0.09      0.03   0.56   0.58 
    44 5.646e-002      0.27 0.23      0.28      0.07   0.34   0.39 
    45 5.543e-003      0.08 0.25      0.09      0.02   0.60   0.68 
    46 3.118e-003      0.06 0.67      0.04      0.03   0.18   0.11 
    47 5.889e-003      0.09 0.44      0.06      0.03   0.49   0.29 
    48 1.593e-002      0.14 0.42      0.11      0.05   0.38   0.44 
    49 6.582e-003      0.09 0.37      0.08      0.03   0.38   0.41 
    50 1.732e-003      0.05 0.28      0.05      0.01   0.66   0.74 
    51 9.007e-003      0.11 0.31      0.10      0.03   0.53   0.48 
    52 2.910e-002      0.19 0.22      0.20      0.05   0.33   0.36 
    53 1.975e-002      0.16 0.18      0.19      0.03   0.50   0.57 
    54 1.593e-002      0.14 0.20      0.16      0.03   0.45   0.49 
    55 3.464e-003      0.07 0.31      0.06      0.02   0.34   0.42 
    56 1.282e-002      0.13 0.23      0.13      0.03   0.37   0.43 
    57 2.078e-003      0.05 0.50      0.04      0.02   0.51   0.54 
    58 1.247e-002      0.13 0.20      0.15      0.03   0.81   1.01 
    59 2.286e-002      0.17 0.17      0.21      0.04   1.31   0.87 
    60 2.078e-003      0.05 0.40      0.04      0.02   0.39   0.48 
    61 2.771e-002      0.19 0.25      0.19      0.05   0.36   0.36 
    62 2.425e-002      0.18 0.32      0.15      0.05   0.51   0.64 
    63 3.291e-002      0.20 0.16      0.28      0.05   0.71   0.52 
    64 6.235e-003      0.09 0.23      0.09      0.02   1.07   0.48 
    65 2.044e-002      0.16 0.12      0.24      0.03   0.46   0.53 
    66 1.871e-002      0.15 0.30      0.14      0.04   0.34   0.35 
    67 2.910e-002      0.19 0.18      0.23      0.04   0.42   0.45 
    68 9.007e-003      0.11 0.34      0.09      0.03   0.37   0.43 
    69 1.039e-003      0.04 0.44      0.03      0.01   0.29   0.32 
    70 1.836e-002      0.15 0.16      0.19      0.03   0.72   0.65 
    71 6.582e-003      0.09 0.32      0.08      0.03   0.43   0.47 
    72 2.494e-002      0.18 0.24      0.18      0.04   0.51   0.61 
    73 1.074e-002      0.12 0.40      0.09      0.04   0.39   0.43 
    74 1.351e-002      0.13 0.43      0.10      0.04   0.43   0.52 
    75 8.314e-003      0.10 0.30      0.09      0.03   0.36   0.39 
    76 4.192e-002      0.23 0.37      0.19      0.07   0.68   0.60 
    77 3.741e-002      0.22 0.19      0.25      0.05   1.17   0.41 
    78 7.967e-003      0.10 0.31      0.09      0.03   0.40   0.44 
    79 2.148e-002      0.17 0.24      0.18      0.04   1.08   0.64 
    80 2.078e-003      0.05 0.24      0.06      0.01   0.35   0.46 
    81 2.529e-002      0.18 0.24      0.19      0.05   0.50   0.57 
    82 9.007e-003      0.11 0.18      0.13      0.02   0.47   0.58 
    83 6.028e-002      0.28 0.35      0.24      0.08   1.26   0.95 
    84 4.503e-003      0.08 0.29      0.07      0.02   0.44   0.31 
    85 4.157e-003      0.07 0.40      0.06      0.02   0.74   0.64 
    86 2.078e-003      0.05 0.48      0.04      0.02   0.30   0.24 
    87 1.005e-002      0.11 0.31      0.11      0.03   0.43   0.52 
    88 1.386e-002      0.13 0.26      0.14      0.04   0.67   0.59 
    89 5.543e-003      0.08 0.44      0.07      0.03   0.99   1.02 
    90 1.005e-002      0.11 0.23      0.12      0.03   0.42   0.53 
    91 3.464e-002      0.21 0.50      0.15      0.08   0.41   0.44 
    92 3.984e-002      0.23 0.19      0.27      0.05   0.69   0.55 
    93 4.503e-003      0.08 0.28      0.07      0.02   0.32   0.30 
    94 6.928e-003      0.09 0.30      0.09      0.03   0.46   0.46 
    95 2.044e-002      0.16 0.27      0.15      0.04   0.45   0.46 
    96 1.077e-001      0.37 0.16      0.47      0.08   2.20   0.58 
    97 6.928e-004      0.03 0.62      0.02      0.01   0.47   0.95 
    98 6.235e-003      0.09 0.50      0.06      0.03   0.66   0.60 
    99 1.524e-002      0.14 0.17      0.17      0.03   0.93   0.51 
   100 1.074e-002      0.12 0.22      0.12      0.03   0.61   0.71 
   101 4.157e-003      0.07 0.44      0.06      0.02   0.55   0.55 
   102 2.425e-003      0.06 0.53      0.04      0.02   0.63   0.63 
   103 2.078e-003      0.05 0.38      0.05      0.02   0.38   0.16 
   104 3.637e-002      0.22 0.52      0.17      0.09   0.47   0.49 
   105 7.275e-003      0.10 0.27      0.10      0.03   0.39   0.47 
   106 4.434e-002      0.24 0.26      0.24      0.06   0.47   0.55 
   107 6.582e-003      0.09 0.48      0.07      0.03   0.49   0.47 
   108 1.247e-002      0.13 0.40      0.10      0.04   0.38   0.49 
   109 1.940e-002      0.16 0.21      0.17      0.04   0.46   0.50 
   110 3.118e-003      0.06 0.58      0.04      0.02   0.19   0.18 
   111 3.118e-003      0.06 0.58      0.04      0.02   0.40   0.34 
   112 1.975e-002      0.16 0.21      0.18      0.04   0.63   0.67 
   113 2.425e-003      0.06 0.39      0.05      0.02   0.30   0.37 
   114 3.118e-002      0.20 0.20      0.23      0.05   0.51   0.59 
   115 4.157e-003      0.07 0.35      0.06      0.02   0.25   0.30 
   116 1.455e-002      0.14 0.39      0.11      0.04   0.39   0.41 
   117 3.014e-002      0.20 0.30      0.18      0.05   0.67   0.76 
   118 2.078e-003      0.05 0.26      0.06      0.01   0.71   0.36 
   119 2.875e-002      0.19 0.31      0.17      0.05   0.43   0.46 
   120 3.811e-003      0.07 0.29      0.06      0.02   0.46   0.52 
   121 2.425e-002      0.18 0.20      0.20      0.04   0.68   0.58 
   122 3.429e-002      0.21 0.22      0.22      0.05   0.39   0.44 
   123 1.005e-002      0.11 0.43      0.09      0.04   0.73   0.72 
   124 4.157e-003      0.07 0.36      0.06      0.02   0.31   0.37 
   125 4.018e-002      0.23 0.26      0.22      0.06   0.54   0.61 
   126 1.490e-002      0.14 0.29      0.13      0.04   2.45   1.08 
   127 1.039e-002      0.12 0.47      0.08      0.04   0.55   0.60 
   128 5.196e-003      0.08 0.40      0.06      0.03   0.86   0.58 
   129 3.464e-003      0.07 0.41      0.05      0.02   0.44   0.37 
   130 6.928e-003      0.09 0.27      0.09      0.03   1.00   0.41 
   131 1.005e-002      0.11 0.67      0.07      0.05   0.35   0.42 
   132 8.071e-002      0.32 0.28      0.30      0.08   0.42   0.45 
   133 1.663e-002      0.15 0.26      0.14      0.04   0.44   0.41 
   134 3.464e-003      0.07 0.49      0.05      0.02   0.50   0.59 
   135 1.039e-002      0.12 0.29      0.11      0.03   0.69   0.74 
   136 6.235e-003      0.09 0.47      0.06      0.03   0.53   0.73 
   137 2.286e-002      0.17 0.20      0.20      0.04   1.43   0.80 
   138 2.425e-003      0.06 0.32      0.05      0.02   0.47   0.39 
   139 3.118e-003      0.06 0.50      0.05      0.02   0.57   0.70 
   140 9.699e-003      0.11 0.35      0.10      0.03   0.37   0.43 
   141 2.321e-002      0.17 0.36      0.14      0.05   0.33   0.41 
   142 3.360e-002      0.21 0.20      0.25      0.05   1.00   0.49 
   143 1.178e-002      0.12 0.36      0.10      0.04   0.50   0.67 
   144 1.420e-002      0.13 0.16      0.17      0.03   0.65   0.47 
   145 2.113e-002      0.16 0.23      0.18      0.04   0.86   0.76 
   146 5.543e-003      0.08 0.41      0.07      0.03   0.48   0.53 
   147 3.222e-002      0.20 0.29      0.19      0.05   0.46   0.49 
   148 4.850e-003      0.08 0.36      0.07      0.02   0.57   0.65 
   149 3.568e-002      0.21 0.14      0.29      0.04   0.42   0.47 
   150 6.928e-003      0.09 0.43      0.07      0.03   0.36   0.39 
   151 4.850e-003      0.08 0.35      0.07      0.02   0.60   0.54 
   152 1.316e-002      0.13 0.48      0.09      0.04   0.42   0.52 
   153 1.386e-003      0.04 0.55      0.03      0.02   0.49   0.52 
   154 4.018e-002      0.23 0.31      0.21      0.06   0.53   0.56 
   155 1.282e-002      0.13 0.27      0.15      0.04   1.18   0.44 
   156 1.316e-002      0.13 0.31      0.12      0.04   0.45   0.48 
   157 5.681e-002      0.27 0.20      0.32      0.06   0.44   0.51 
   158 3.464e-003      0.07 0.29      0.06      0.02   0.50   0.58 
   159 4.157e-003      0.07 0.62      0.05      0.03   0.49   0.60 
   160 3.291e-002      0.20 0.15      0.27      0.04   0.95   0.52 
   161 1.767e-002      0.15 0.42      0.12      0.05   0.48   0.52 
   162 1.836e-002      0.15 0.24      0.16      0.04   0.53   0.61 
   163 1.178e-002      0.12 0.36      0.10      0.04   0.53   0.65 
   164 2.217e-002      0.17 0.39      0.13      0.05   0.42   0.46 
   165 3.118e-003      0.06 0.48      0.05      0.02   0.27   0.19 
   166 3.222e-002      0.20 0.35      0.17      0.06   0.73   0.55 
   167 6.547e-002      0.29 0.26      0.30      0.08   0.60   0.65 
   168 3.291e-002      0.20 0.16      0.26      0.04   0.46   0.53 
   169 3.811e-003      0.07 0.57      0.05      0.03   0.87   1.17 
   170 6.235e-003      0.09 0.61      0.06      0.03   0.51   0.47 
   171 1.178e-002      0.12 0.35      0.11      0.04   0.35   0.35 
   172 1.663e-002      0.15 0.30      0.13      0.04   0.50   0.54 
   173 9.007e-003      0.11 0.30      0.10      0.03   0.53   0.60 
   174 1.351e-002      0.13 0.27      0.13      0.04   0.42   0.47 
   175 4.192e-002      0.23 0.16      0.32      0.05   2.48   0.72 
   176 1.801e-002      0.15 0.39      0.12      0.05   0.38   0.41 
   177 7.309e-002      0.31 0.13      0.47      0.06   1.78   0.55 
   178 2.356e-002      0.17 0.24      0.18      0.04   0.79   0.45 
   179 2.356e-002      0.17 0.22      0.19      0.04   0.46   0.52 
   180 3.118e-003      0.06 0.67      0.04      0.03   0.33   0.47 
   181 1.663e-002      0.15 0.25      0.15      0.04   0.46   0.46 
   182 1.109e-002      0.12 0.41      0.09      0.04   0.48   0.56 
   183 3.083e-002      0.20 0.25      0.20      0.05   0.44   0.48 
   184 6.235e-003      0.09 0.38      0.07      0.03   0.31   0.40 
   185 1.732e-003      0.05 0.41      0.04      0.02   0.45   0.23 
   186 3.672e-002      0.22 0.28      0.21      0.06   0.84   0.53 
   187 5.196e-003      0.08 0.47      0.06      0.03   0.69   0.65 
   188 8.071e-002      0.32 0.23      0.34      0.08   0.35   0.44 
   189 4.503e-003      0.08 0.67      0.05      0.03   0.47   0.52 
   190 1.039e-003      0.04 0.44      0.03      0.01   0.51   0.98 
   191 1.109e-002      0.12 0.23      0.13      0.03   0.55   0.66 
   192 1.871e-002      0.15 0.26      0.15      0.04   0.46   0.53 
   193 2.910e-002      0.19 0.35      0.16      0.06   0.35   0.37 
   194 6.928e-003      0.09 0.38      0.08      0.03   0.51   0.49 
   195 3.707e-002      0.22 0.26      0.22      0.06   0.47   0.44 
   196 3.464e-003      0.07 0.18      0.09      0.02   1.21   0.94 
   197 9.353e-003      0.11 0.31      0.10      0.03   0.49   0.45 
   198 9.353e-003      0.11 0.42      0.08      0.04   0.41   0.42 
   199 5.162e-002      0.26 0.42      0.19      0.08   0.36   0.43 
   200 5.196e-003      0.08 0.32      0.07      0.02   0.65   0.79 
   201 2.425e-002      0.18 0.29      0.16      0.05   0.40   0.43 
   202 2.078e-003      0.05 0.33      0.05      0.02   0.49   0.58 
   203 2.217e-002      0.17 0.32      0.15      0.05   0.52   0.55 
   204 6.928e-004      0.03 0.62      0.02      0.01   0.49   0.98 
   205 2.702e-002      0.19 0.30      0.17      0.05   0.41   0.48 
   206 6.305e-002      0.28 0.12      0.41      0.05   0.79   0.57 
   207 6.582e-003      0.09 0.30      0.08      0.03   0.54   0.56 
   208 3.811e-003      0.07 0.40      0.06      0.02   0.32   0.36 
   209 2.286e-002      0.17 0.35      0.14      0.05   0.47   0.54 
   210 2.182e-002      0.17 0.25      0.17      0.04   0.58   0.58 
   211 8.660e-003      0.11 0.35      0.10      0.03   0.44   0.56 
   212 1.039e-002      0.12 0.28      0.11      0.03   0.50   0.66 
   213 5.196e-003      0.08 0.33      0.07      0.02   0.42   0.34 
   214 3.048e-002      0.20 0.43      0.15      0.07   0.49   0.52 
   215 1.386e-003      0.04 0.62      0.03      0.02   0.41   0.41 
   216 1.143e-002      0.12 0.36      0.11      0.04   0.43   0.56 
   217 3.741e-002      0.22 0.24      0.23      0.06   0.44   0.46 
   218 3.464e-003      0.07 0.28      0.06      0.02   0.45   0.43 
   219 2.078e-002      0.16 0.41      0.13      0.05   0.42   0.48 
   220 5.889e-003      0.09 0.45      0.06      0.03   0.44   0.61 
   221 2.286e-002      0.17 0.21      0.19      0.04   0.54   0.62 
   222 6.235e-003      0.09 0.51      0.06      0.03   0.39   0.50 
   223 1.975e-002      0.16 0.53      0.11      0.06   0.45   0.44 
   224 3.118e-003      0.06 0.72      0.04      0.03   0.89   0.59 
   225 2.771e-003      0.06 0.42      0.05      0.02   0.51   0.54 
   226 5.889e-003      0.09 0.44      0.06      0.03   0.56   0.47 
   227 5.196e-003      0.08 0.42      0.07      0.03   0.47   0.57 
   228 4.157e-002      0.23 0.41      0.18      0.07   0.39   0.41 
   229 6.928e-003      0.09 0.40      0.07      0.03   0.81   0.61 
   230 4.053e-002      0.23 0.26      0.24      0.06   0.60   0.44 
   231 6.928e-003      0.09 0.28      0.09      0.02   0.48   0.63 
   232 9.699e-003      0.11 0.49      0.08      0.04   0.47   0.52 
   233 1.732e-003      0.05 0.41      0.04      0.02   0.42   0.29 
   234 1.074e-002      0.12 0.32      0.11      0.03   0.62   0.69 
   235 2.771e-003      0.06 0.36      0.06      0.02   0.52   0.61 
   236 9.007e-003      0.11 0.63      0.09      0.05   0.41   0.46 
   237 1.109e-002      0.12 0.43      0.09      0.04   0.39   0.51 
   238 3.048e-002      0.20 0.44      0.15      0.07   0.51   0.60 
   239 8.314e-003      0.10 0.37      0.09      0.03   0.45   0.55 
   240 5.889e-003      0.09 0.18      0.11      0.02   0.42   0.43 
   241 1.178e-002      0.12 0.44      0.10      0.04   0.47   0.52 
   242 5.162e-002      0.26 0.19      0.31      0.06   0.48   0.55 
   243 2.217e-002      0.17 0.40      0.15      0.06   1.83   0.60 
   244 1.663e-002      0.15 0.32      0.13      0.04   0.36   0.39 
   245 1.593e-002      0.14 0.28      0.13      0.04   0.93   0.68 
   246 1.386e-003      0.04 0.49      0.03      0.01   0.19   0.21 
   247 4.157e-003      0.07 0.47      0.05      0.02   0.51   0.59 
   248 1.351e-002      0.13 0.18      0.16      0.03   0.53   0.57 
   249 1.975e-002      0.16 0.18      0.19      0.04   0.58   0.66 
   250 1.247e-002      0.13 0.46      0.09      0.04   0.42   0.47 
   251 2.044e-002      0.16 0.49      0.11      0.06   0.48   0.53 
   252 1.386e-002      0.13 0.40      0.11      0.04   0.57   0.59 
   253 2.667e-002      0.18 0.26      0.18      0.05   0.56   0.58 
   254 3.118e-002      0.20 0.32      0.19      0.06   0.65   0.56 
   255 4.226e-002      0.23 0.28      0.22      0.06   0.74   0.61 
   256 1.143e-002      0.12 0.51      0.08      0.04   0.62   0.71 
   257 3.741e-002      0.22 0.31      0.20      0.06   0.40   0.42 
   258 2.667e-002      0.18 0.41      0.14      0.06   0.40   0.49 
   259 1.247e-002      0.13 0.45      0.09      0.04   0.33   0.40 
   260 1.386e-003      0.04 0.62      0.03      0.02   1.11   1.01 
   261 1.005e-002      0.11 0.49      0.08      0.04   0.45   0.45 
   262 1.836e-002      0.15 0.40      0.13      0.05   0.36   0.42 
   263 1.109e-002      0.12 0.61      0.08      0.05   0.41   0.47 
   264 1.247e-002      0.13 0.41      0.11      0.04   0.49   0.52 
   265 1.316e-002      0.13 0.17      0.16      0.03   1.38   0.51 
   266 4.503e-003      0.08 0.61      0.05      0.03   0.34   0.40 
   267 7.586e-002      0.31 0.20      0.35      0.07   0.70   0.52 
   268 8.314e-003      0.10 0.40      0.08      0.03   0.42   0.46 
   269 2.563e-002      0.18 0.27      0.18      0.05   0.46   0.47 
   270 1.212e-002      0.12 0.26      0.13      0.03   0.40   0.45 
   271 1.732e-003      0.05 0.28      0.05      0.01   0.70   0.78 
   272 1.628e-002      0.14 0.43      0.11      0.05   0.46   0.45 
   273 1.628e-002      0.14 0.46      0.11      0.05   0.54   0.52 
   274 5.889e-003      0.09 0.26      0.09      0.02   0.49   0.43 
   275 1.420e-002      0.13 0.40      0.11      0.04   0.47   0.50 
   276 2.078e-003      0.05 0.48      0.04      0.02   0.50   0.71 
   277 2.598e-002      0.18 0.23      0.20      0.04   0.44   0.47 
   278 5.196e-003      0.08 0.44      0.06      0.03   0.56   0.64 
   279 4.780e-002      0.25 0.37      0.20      0.08   0.43   0.45 
   280 1.386e-002      0.13 0.43      0.10      0.04   0.49   0.55 
   281 6.339e-002      0.28 0.21      0.32      0.07   0.52   0.49 
   282 6.928e-003      0.09 0.66      0.06      0.04   0.52   0.64 
   283 2.182e-002      0.17 0.27      0.16      0.04   0.46   0.55 
   284 3.603e-002      0.21 0.31      0.20      0.06   1.78   0.76 
   285 1.801e-002      0.15 0.31      0.13      0.04   0.42   0.49 
   286 3.880e-002      0.22 0.34      0.19      0.06   0.44   0.51 
   287 1.386e-002      0.13 0.28      0.13      0.04   0.55   0.68 
   288 2.771e-003      0.06 0.61      0.04      0.02   0.27   0.32 
   289 1.732e-002      0.15 0.30      0.13      0.04   0.30   0.35 
   290 1.386e-003      0.04 0.49      0.03      0.01   0.15   0.10 
   291 4.850e-003      0.08 0.38      0.06      0.02   0.45   0.59 
   292 1.074e-002      0.12 0.47      0.09      0.04   0.39   0.47 
   293 5.196e-003      0.08 0.57      0.06      0.03   0.41   0.48 
   294 1.593e-002      0.14 0.36      0.13      0.04   0.49   0.48 
   295 5.577e-002      0.27 0.44      0.19      0.09   2.10   0.60 
   296 4.850e-003      0.08 0.51      0.06      0.03   0.48   0.45 
   297 5.543e-003      0.08 0.54      0.06      0.03   0.65   0.79 
   298 3.048e-002      0.20 0.22      0.22      0.05   1.75   0.62 
   299 8.314e-003      0.10 0.40      0.08      0.03   0.43   0.50 
   300 1.801e-002      0.15 0.37      0.12      0.05   0.40   0.48 
   301 5.924e-002      0.27 0.21      0.30      0.06   1.38   0.54 
   302 9.007e-003      0.11 0.45      0.08      0.03   0.40   0.47 
   303 9.699e-003      0.11 0.47      0.08      0.04   0.43   0.42 
   304 1.732e-003      0.05 0.63      0.03      0.02   0.91   1.10 
   305 5.023e-002      0.25 0.37      0.20      0.08   0.38   0.43 
   306 2.425e-003      0.06 0.38      0.05      0.02   0.73   0.61 
   307 2.078e-003      0.05 0.48      0.04      0.02   0.27   0.21 
   308 9.007e-003      0.11 0.59      0.07      0.04   0.60   0.63 
   309 1.767e-002      0.15 0.45      0.11      0.05   0.38   0.36 
   310 1.420e-002      0.13 0.42      0.10      0.04   0.32   0.35 
   311 2.078e-003      0.05 0.75      0.03      0.02   0.13   0.15 
   312 1.109e-002      0.12 0.36      0.10      0.04   0.39   0.45 
   313 7.621e-003      0.10 0.73      0.06      0.04   0.74   0.85 
   314 2.182e-002      0.17 0.42      0.13      0.05   0.45   0.53 
   315 6.928e-004      0.03 0.62      0.02      0.01   0.47   0.95 
   316 2.771e-003      0.06 0.62      0.04      0.02   0.79   1.11 
   317 2.771e-003      0.06 0.40      0.05      0.02   0.28   0.38 
   318 1.282e-002      0.13 0.49      0.09      0.04   0.44   0.52 
   319 1.386e-003      0.04 0.36      0.04      0.01   1.03   0.95 
   320 2.148e-002      0.17 0.36      0.15      0.05   0.66   0.43 
   321 5.716e-002      0.27 0.31      0.24      0.07   0.42   0.48 
   322 1.455e-002      0.14 0.53      0.10      0.05   0.53   0.59 
   323 4.607e-002      0.24 0.53      0.17      0.09   0.45   0.52 
   324 1.386e-003      0.04 0.62      0.03      0.02   0.45   0.61 
   325 4.469e-002      0.24 0.36      0.20      0.07   0.40   0.48 
   326 3.118e-003      0.06 0.31      0.06      0.02   0.50   0.69 
   327 2.979e-002      0.19 0.39      0.15      0.06   0.39   0.44 
   328 1.386e-002      0.13 0.60      0.08      0.05   0.45   0.54 
   329 1.767e-002      0.15 0.28      0.14      0.04   0.61   0.69 
   330 3.811e-003      0.07 0.25      0.07      0.02   0.74   0.60 
   331 1.386e-003      0.04 0.55      0.03      0.02   0.33   0.37 
   332 1.663e-002      0.15 0.32      0.13      0.04   0.53   0.57 
   333 2.390e-002      0.17 0.62      0.11      0.07   0.54   0.49 
   334 1.593e-002      0.14 0.50      0.10      0.05   0.41   0.44 
   335 4.053e-002      0.23 0.20      0.26      0.05   0.36   0.40 
   336 2.078e-003      0.05 0.63      0.03      0.02   0.49   0.67 
   337 7.275e-003      0.10 0.44      0.07      0.03   0.58   0.60 
   338 1.316e-002      0.13 0.27      0.13      0.03   0.53   0.61 
   339 1.455e-002      0.14 0.35      0.12      0.04   0.38   0.40 
   340 2.771e-003      0.06 0.61      0.04      0.02   0.41   0.34 
   341 1.732e-003      0.05 0.63      0.03      0.02   0.87   0.81 
   342 6.131e-002      0.28 0.18      0.34      0.06   0.51   0.42 
   343 6.582e-003      0.09 0.38      0.07      0.03   0.44   0.48 
   344 5.543e-003      0.08 0.52      0.06      0.03   0.33   0.44 
   345 7.621e-003      0.10 0.24      0.10      0.02   0.72   0.54 
   346 5.231e-002      0.26 0.23      0.27      0.06   0.73   0.58 
   347 1.282e-002      0.13 0.39      0.10      0.04   0.36   0.44 
   348 3.118e-003      0.06 0.58      0.04      0.02   0.26   0.37 
   349 4.503e-003      0.08 0.54      0.05      0.03   0.55   0.33 
   350 8.314e-003      0.10 0.38      0.08      0.03   0.38   0.44 
   351 3.291e-002      0.20 0.30      0.19      0.06   0.43   0.50 
   352 1.940e-002      0.16 0.37      0.13      0.05   0.61   0.64 
   353 1.524e-002      0.14 0.31      0.13      0.04   0.63   0.53 
   354 3.118e-003      0.06 0.58      0.04      0.02   0.41   0.56 
   355 1.767e-002      0.15 0.27      0.15      0.04   0.92   0.63 
   356 5.889e-003      0.09 0.46      0.06      0.03   0.36   0.36 
   357 1.039e-003      0.04 0.79      0.02      0.02   2.20   3.30 
   358 7.967e-003      0.10 0.56      0.06      0.04   0.51   0.65 
   359 7.621e-003      0.10 0.36      0.08      0.03   0.63   0.57 
   360 6.582e-003      0.09 0.31      0.08      0.03   0.56   0.55 
   361 3.464e-003      0.07 0.31      0.06      0.02   0.55   0.70 
   362 3.118e-003      0.06 0.47      0.05      0.02   0.38   0.49 
   363 3.464e-003      0.07 0.72      0.04      0.03   0.71   0.83 
   364 2.009e-002      0.16 0.60      0.10      0.06   0.53   0.60 
   365 1.109e-002      0.12 0.53      0.08      0.04   0.59   0.58 
   366 9.007e-003      0.11 0.43      0.08      0.04   0.49   0.53 
   367 3.118e-003      0.06 0.58      0.04      0.02   0.42   0.46 
   368 6.582e-003      0.09 0.31      0.08      0.03   0.53   0.56 
   369 1.836e-002      0.15 0.36      0.13      0.05   0.41   0.49 
   370 5.543e-003      0.08 0.54      0.06      0.03   0.32   0.34 
   371 1.247e-002      0.13 0.53      0.09      0.05   0.37   0.45 
   372 2.494e-002      0.18 0.28      0.19      0.05   0.53   0.61 
   373 2.806e-002      0.19 0.28      0.19      0.05   0.62   0.61 
   374 2.252e-002      0.17 0.32      0.15      0.05   0.57   0.64 
   375 2.737e-002      0.19 0.28      0.18      0.05   0.40   0.43 
   376 1.628e-002      0.14 0.44      0.11      0.05   0.55   0.61 
   377 1.039e-002      0.12 0.43      0.09      0.04   0.38   0.39 
   378 1.386e-002      0.13 0.26      0.13      0.03   0.50   0.55 
   379 5.196e-003      0.08 0.26      0.08      0.02   0.64   0.57 
   380 2.771e-003      0.06 0.40      0.05      0.02   0.90   0.79 
   381 1.420e-002      0.13 0.38      0.11      0.04   0.47   0.50 
   382 9.699e-003      0.11 0.20      0.12      0.02   0.39   0.48 
   383 2.771e-002      0.19 0.30      0.18      0.05   0.40   0.49 
   384 1.628e-002      0.14 0.33      0.13      0.04   0.38   0.42 
   385 7.621e-003      0.10 0.52      0.07      0.03   0.47   0.47 
   386 9.007e-003      0.11 0.43      0.08      0.03   0.32   0.35 
   387 1.386e-003      0.04 0.55      0.03      0.02   0.34   0.54 
   388 1.836e-002      0.15 0.31      0.14      0.04   0.41   0.52 
   389 3.118e-003      0.06 0.27      0.06      0.02   0.56   0.62 
   390 3.464e-003      0.07 0.40      0.06      0.02   0.26   0.28 
   391 4.503e-003      0.08 0.42      0.06      0.02   0.41   0.39 
   392 3.464e-003      0.07 0.39      0.06      0.02   0.50   0.58 
   393 2.425e-003      0.06 0.38      0.05      0.02   0.33   0.14 
   394 1.663e-002      0.15 0.37      0.13      0.05   0.51   0.58 
   395 3.429e-002      0.21 0.18      0.25      0.05   2.11   0.50 
   396 5.335e-002      0.26 0.27      0.26      0.07   2.28   0.77 
   397 9.353e-003      0.11 0.46      0.08      0.04   0.34   0.45 
   398 8.314e-003      0.10 0.34      0.09      0.03   0.46   0.46 
   399 2.598e-002      0.18 0.43      0.14      0.06   0.33   0.39 
   400 4.157e-003      0.07 0.44      0.06      0.03   0.23   0.31 
   401 2.009e-002      0.16 0.24      0.16      0.04   0.53   0.66 
   402 2.356e-002      0.17 0.24      0.18      0.04   0.43   0.44 
   403 3.464e-002      0.21 0.38      0.17      0.06   0.40   0.51 
   404 1.732e-002      0.15 0.25      0.16      0.04   0.52   0.47 
   405 2.217e-002      0.17 0.38      0.13      0.05   0.46   0.51 
   406 7.967e-003      0.10 0.62      0.06      0.04   0.38   0.47 
   407 1.836e-002      0.15 0.41      0.12      0.05   0.52   0.61 
   408 5.196e-003      0.08 0.44      0.06      0.03   0.40   0.35 
   409 2.044e-002      0.16 0.32      0.15      0.05   0.39   0.48 
   410 7.275e-003      0.10 0.68      0.06      0.04   0.62   0.52 
   411 2.286e-002      0.17 0.31      0.15      0.05   0.37   0.43 
   412 2.633e-002      0.18 0.23      0.19      0.05   0.75   0.64 
   413 1.455e-002      0.14 0.36      0.12      0.04   0.52   0.51 
   414 2.425e-003      0.06 0.54      0.04      0.02   0.27   0.18 
   415 1.663e-002      0.15 0.30      0.13      0.04   0.47   0.52 
   416 9.353e-003      0.11 0.43      0.08      0.04   0.27   0.38 
   417 1.940e-002      0.16 0.30      0.15      0.04   0.59   0.65 
   418 1.178e-002      0.12 0.39      0.10      0.04   0.54   0.60 
   419 2.598e-002      0.18 0.28      0.18      0.05   0.49   0.54 
   420 2.078e-003      0.05 0.48      0.04      0.02   0.20   0.16 
   421 1.386e-003      0.04 0.49      0.03      0.01   0.31   0.21 
   422 3.118e-003      0.06 0.29      0.06      0.02   0.22   0.31 
   423 1.975e-002      0.16 0.20      0.18      0.04   0.54   0.40 
   424 3.326e-002      0.21 0.36      0.17      0.06   0.39   0.38 
   425 9.699e-003      0.11 0.31      0.10      0.03   0.35   0.32 
   426 5.889e-003      0.09 0.38      0.07      0.03   0.37   0.39 
   427 1.801e-002      0.15 0.21      0.18      0.04   1.17   0.50 
   428 1.871e-002      0.15 0.36      0.13      0.05   0.51   0.56 
   429 3.603e-002      0.21 0.23      0.22      0.05   0.97   1.43 
   430 1.386e-003      0.04 0.34      0.04      0.01   0.22   0.20 
   431 3.464e-003      0.07 0.63      0.04      0.03   0.42   0.40 
   432 2.563e-002      0.18 0.31      0.16      0.05   0.43   0.50 
   433 3.811e-003      0.07 0.41      0.06      0.02   0.40   0.33 
   434 2.044e-002      0.16 0.32      0.14      0.05   0.43   0.49 
   435 9.699e-003      0.11 0.41      0.09      0.04   0.44   0.51 
   436 5.196e-002      0.26 0.34      0.23      0.08   0.40   0.43 
   437 2.078e-003      0.05 0.34      0.05      0.02   2.14   0.97 
   438 2.113e-002      0.16 0.47      0.13      0.06   0.42   0.43 
   439 2.667e-002      0.18 0.28      0.18      0.05   0.41   0.44 
   440 2.009e-002      0.16 0.25      0.16      0.04   0.40   0.45 
   441 8.660e-003      0.11 0.41      0.08      0.03   0.45   0.49 
   442 7.621e-003      0.10 0.35      0.09      0.03   0.44   0.61 
   443 3.118e-003      0.06 0.47      0.05      0.02   0.46   0.57 
   444 1.975e-002      0.16 0.30      0.15      0.04   0.43   0.50 
   445 1.732e-003      0.05 0.41      0.04      0.02   0.36   0.25 
   446 2.044e-002      0.16 0.33      0.14      0.05   0.40   0.43 
   447 2.321e-002      0.17 0.31      0.15      0.05   0.45   0.52 
   448 3.429e-002      0.21 0.34      0.19      0.06   0.32   0.36 
   449 7.621e-003      0.10 0.54      0.07      0.04   0.38   0.34 
   450 1.109e-002      0.12 0.36      0.10      0.04   0.47   0.49 
   451 5.196e-003      0.08 0.53      0.06      0.03   0.45   0.39 
   452 4.850e-003      0.08 0.27      0.08      0.02   0.40   0.49 
   453 1.074e-002      0.12 0.45      0.08      0.04   0.42   0.43 
   454 3.118e-003      0.06 0.39      0.06      0.02   0.41   0.47 
   455 1.386e-003      0.04 0.37      0.04      0.01   0.49   0.72 
   456 4.850e-003      0.08 0.45      0.06      0.03   0.54   0.47 
   457 3.811e-003      0.07 0.41      0.06      0.02   0.30   0.33 
   458 3.360e-002      0.21 0.48      0.15      0.07   0.50   0.52 
   459 3.811e-003      0.07 0.39      0.06      0.02   0.71   0.59 
   460 2.078e-003      0.05 0.33      0.05      0.02   0.61   0.48 
   461 3.118e-003      0.06 0.32      0.06      0.02   0.33   0.31 
   462 4.850e-003      0.08 0.39      0.06      0.02   0.37   0.36 
   463 1.074e-002      0.12 0.37      0.10      0.04   0.57   0.54 
   464 2.252e-002      0.17 0.45      0.13      0.06   0.46   0.51 
   465 1.940e-002      0.16 0.25      0.16      0.04   0.41   0.42 
   466 2.771e-003      0.06 0.65      0.04      0.02   0.32   0.34 
   467 8.660e-003      0.11 0.46      0.08      0.04   0.56   0.67 
   468 1.628e-002      0.14 0.20      0.17      0.03   0.42   0.51 
   469 2.563e-002      0.18 0.22      0.20      0.05   1.95   0.63 
   470 2.425e-003      0.06 0.54      0.04      0.02   0.39   0.55 
   471 1.940e-002      0.16 0.23      0.16      0.04   0.49   0.57 
   472 2.841e-002      0.19 0.42      0.14      0.06   0.39   0.41 
   473 1.386e-003      0.04 0.49      0.03      0.01   0.49   0.78 
   474 2.425e-003      0.06 0.38      0.05      0.02   0.47   0.54 
   475 3.118e-003      0.06 0.45      0.05      0.02   0.44   0.37 
   476 6.582e-003      0.09 0.39      0.08      0.03   0.39   0.46 
   477 4.850e-003      0.08 0.49      0.06      0.03   0.65   0.58 
   478 1.732e-003      0.05 0.35      0.04      0.01   1.04   0.43 
   479 1.940e-002      0.16 0.24      0.16      0.04   0.38   0.37 
   480 1.212e-002      0.12 0.26      0.12      0.03   0.41   0.42 
   481 3.118e-003      0.06 0.36      0.06      0.02   0.75   0.42 
   482 7.898e-002      0.32 0.19      0.39      0.07   2.52   0.57 
   483 1.178e-002      0.12 0.43      0.09      0.04   0.59   0.61 
   484 5.543e-003      0.08 0.33      0.07      0.02   0.59   0.69 
   485 8.660e-003      0.11 0.23      0.12      0.03   0.37   0.42 
   486 1.836e-002      0.15 0.27      0.15      0.04   0.45   0.53 
   487 1.212e-002      0.12 0.23      0.13      0.03   0.28   0.31 
   488 4.503e-003      0.08 0.38      0.06      0.02   0.50   0.56 
   489 3.464e-003      0.07 0.31      0.06      0.02   0.49   0.45 
   490 1.247e-002      0.13 0.30      0.12      0.03   0.42   0.52 
   491 1.282e-002      0.13 0.49      0.12      0.06   0.51   0.53 
   492 4.503e-002      0.24 0.18      0.28      0.05   0.49   0.42 
   493 1.178e-002      0.12 0.33      0.11      0.04   0.57   0.68 
   494 2.979e-002      0.19 0.37      0.15      0.06   0.48   0.51 
   495 3.811e-003      0.07 0.41      0.06      0.02   0.82   0.71 
   496 1.801e-002      0.15 0.37      0.13      0.05   0.45   0.54 
   497 7.275e-003      0.10 0.36      0.08      0.03   0.42   0.51 
   498 1.316e-002      0.13 0.30      0.12      0.04   0.60   0.70 
   499 2.182e-002      0.17 0.38      0.13      0.05   0.43   0.45 
   500 1.767e-002      0.15 0.41      0.12      0.05   0.54   0.62 
   501 1.282e-002      0.13 0.35      0.11      0.04   0.48   0.52 
   502 2.806e-002      0.19 0.44      0.14      0.06   0.62   0.66 
   503 1.386e-003      0.04 0.36      0.04      0.01   0.36   0.32 
   504 7.621e-003      0.10 0.41      0.08      0.03   0.48   0.55 
   505 2.494e-002      0.18 0.22      0.19      0.04   0.54   0.45 
   506 6.894e-002      0.30 0.31      0.27      0.08   0.42   0.39 
   507 1.420e-002      0.13 0.44      0.10      0.04   0.39   0.44 
   508 3.118e-003      0.06 0.35      0.06      0.02   0.18   0.17 
   509 1.697e-002      0.15 0.20      0.17      0.03   0.44   0.50 
   510 5.196e-003      0.08 0.50      0.06      0.03   0.49   0.47 
   511 4.157e-003      0.07 0.34      0.06      0.02   0.49   0.55 
   512 1.386e-002      0.13 0.43      0.10      0.04   0.53   0.66 
   513 4.192e-002      0.23 0.32      0.20      0.06   0.48   0.57 
   514 1.732e-003      0.05 0.41      0.04      0.02   0.10   0.12 
   515 2.078e-002      0.16 0.42      0.13      0.05   0.57   0.60 
   516 1.039e-003      0.04 0.44      0.03      0.01   0.57   0.64 
   517 7.967e-003      0.10 0.31      0.09      0.03   0.28   0.24 
   518 1.386e-002      0.13 0.32      0.12      0.04   0.39   0.42 
   519 1.593e-002      0.14 0.48      0.11      0.05   0.44   0.46 
   520 3.914e-002      0.22 0.44      0.17      0.07   0.63   0.65 
   521 1.490e-002      0.14 0.21      0.15      0.03   0.79   0.68 
   522 5.162e-002      0.26 0.54      0.17      0.09   1.04   0.45 
   523 2.078e-002      0.16 0.28      0.15      0.04   0.50   0.50 
   524 5.612e-002      0.27 0.21      0.30      0.06   1.81   0.52 
   525 6.235e-003      0.09 0.21      0.11      0.02   0.92   0.86 
   526 5.543e-003      0.08 0.48      0.06      0.03   0.57   0.61 
   527 1.386e-003      0.04 0.62      0.03      0.02   0.56   0.56 
   528 6.235e-003      0.09 0.24      0.09      0.02   0.75   0.60 
   529 4.157e-003      0.07 0.37      0.06      0.02   0.47   0.36 
   530 1.732e-003      0.05 0.41      0.04      0.02   0.44   0.45 
   531 3.811e-003      0.07 0.77      0.04      0.03   0.51   0.51 
   532 3.118e-003      0.06 0.58      0.04      0.02   0.66   0.33 
   533 5.889e-003      0.09 0.60      0.06      0.03   0.46   0.55 
   534 2.425e-002      0.18 0.27      0.18      0.05   0.44   0.52 
   535 2.078e-003      0.05 0.33      0.05      0.02   0.53   0.71 
   536 2.182e-002      0.17 0.40      0.14      0.06   0.63   0.58 
   537 1.074e-002      0.12 0.27      0.13      0.03   0.46   0.59 
   538 1.316e-002      0.13 0.41      0.10      0.04   0.55   0.65 
   539 8.660e-003      0.11 0.29      0.10      0.03   0.91   0.62 
   540 6.235e-003      0.09 0.37      0.07      0.03   0.40   0.32 
   541 4.850e-003      0.08 0.75      0.05      0.04   0.81   0.82 
   542 1.386e-002      0.13 0.37      0.11      0.04   0.41   0.46 
   543 2.875e-002      0.19 0.31      0.18      0.05   0.39   0.47 
   544 8.314e-003      0.10 0.57      0.07      0.04   1.08   1.28 
   545 1.801e-002      0.15 0.33      0.13      0.04   0.44   0.52 
   546 3.256e-002      0.20 0.34      0.17      0.06   0.48   0.44 
   547 3.880e-002      0.22 0.51      0.16      0.08   0.65   0.50 
   548 1.039e-003      0.04 0.79      0.02      0.02   0.22   0.34 
   549 4.503e-003      0.08 0.46      0.06      0.03   0.84   0.75 
   550 4.295e-002      0.23 0.34      0.20      0.07   0.43   0.50 
   551 2.182e-002      0.17 0.55      0.12      0.07   0.59   0.70 
   552 2.771e-003      0.06 0.44      0.05      0.02   0.65   0.55 
   553 9.699e-003      0.11 0.59      0.07      0.04   0.47   0.46 
   554 6.235e-003      0.09 0.65      0.06      0.04   0.34   0.35 
   555 9.699e-003      0.11 0.37      0.09      0.03   0.43   0.43 
   556 2.425e-003      0.06 0.53      0.04      0.02   0.37   0.29 
   557 2.078e-003      0.05 0.49      0.04      0.02   0.53   0.66 
   558 7.967e-003      0.10 0.40      0.08      0.03   0.62   0.53 
   559 1.871e-002      0.15 0.40      0.13      0.05   0.44   0.47 
   560 7.275e-003      0.10 0.42      0.08      0.03   0.69   0.77 
   561 2.598e-002      0.18 0.22      0.21      0.05   0.54   0.43 
   562 1.143e-002      0.12 0.32      0.11      0.03   0.40   0.44 
   563 6.582e-003      0.09 0.45      0.07      0.03   0.77   0.66 
   564 1.732e-002      0.15 0.35      0.12      0.04   0.62   0.60 
   565 3.464e-003      0.07 0.63      0.04      0.03   0.55   0.57 
   566 1.005e-002      0.11 0.45      0.08      0.04   0.91   0.89 
   567 1.212e-002      0.12 0.55      0.08      0.04   0.62   0.57 
   568 9.388e-002      0.35 0.17      0.42      0.07   0.63   0.41 
   569 6.928e-003      0.09 0.40      0.07      0.03   0.32   0.37 
   570 2.078e-003      0.05 0.48      0.04      0.02   0.50   0.44 
   571 5.543e-003      0.08 0.43      0.06      0.03   0.51   0.45 
   572 1.282e-002      0.13 0.42      0.10      0.04   0.55   0.65 
   573 7.275e-003      0.10 0.29      0.09      0.03   0.55   0.49 
   574 7.967e-003      0.10 0.47      0.07      0.03   0.61   0.63 
   575 3.741e-002      0.22 0.32      0.19      0.06   0.45   0.53 
   576 7.275e-003      0.10 0.55      0.07      0.04   0.43   0.37 
   577 5.543e-003      0.08 0.70      0.05      0.04   0.24   0.23 
   578 2.667e-002      0.18 0.37      0.15      0.06   0.54   0.61 
   579 3.118e-003      0.06 0.31      0.06      0.02   0.43   0.42 
   580 3.429e-002      0.21 0.34      0.19      0.06   0.40   0.47 
   581 1.005e-002      0.11 0.58      0.07      0.04   0.57   0.61 
   582 2.148e-002      0.17 0.46      0.12      0.05   0.38   0.39 
   583 1.975e-002      0.16 0.30      0.14      0.04   0.61   0.61 
   584 2.771e-003      0.06 0.33      0.06      0.02   0.40   0.23 
   585 1.386e-002      0.13 0.45      0.10      0.05   0.51   0.57 
   586 1.420e-002      0.13 0.32      0.12      0.04   0.43   0.48 
   587 6.928e-004      0.03 0.62      0.02      0.01   0.03   0.03 
   588 4.503e-003      0.08 0.39      0.06      0.02   0.32   0.35 
   589 3.118e-003      0.06 0.31      0.06      0.02   1.01   0.57 
   590 8.314e-003      0.10 0.48      0.07      0.04   0.57   0.64 
   591 1.212e-002      0.12 0.48      0.09      0.04   0.44   0.59 
   592 6.270e-002      0.28 0.17      0.34      0.06   0.57   0.54 
   593 3.811e-003      0.07 0.55      0.05      0.03   0.50   0.72 
   594 4.157e-003      0.07 0.44      0.06      0.03   0.88   0.26 
   595 4.503e-003      0.08 0.47      0.06      0.03   0.35   0.39 
   596 2.425e-003      0.06 0.55      0.04      0.02   0.40   0.46 
   597 9.007e-003      0.11 0.42      0.08      0.03   0.34   0.36 
   598 1.005e-002      0.11 0.46      0.08      0.04   0.48   0.52 
   599 3.672e-002      0.22 0.29      0.20      0.06   0.35   0.43 
   600 3.118e-003      0.06 0.58      0.04      0.02   0.48   0.42 
   601 5.750e-002      0.27 0.22      0.28      0.06   0.44   0.49 
   602 1.178e-002      0.12 0.54      0.08      0.04   0.46   0.49 
   603 6.478e-002      0.29 0.21      0.32      0.07   0.51   0.54 
   604 5.577e-002      0.27 0.20      0.30      0.06   0.93   0.55 
   605 1.316e-002      0.13 0.32      0.11      0.04   0.56   0.56 
   606 1.005e-002      0.11 0.34      0.10      0.03   0.81   0.72 
   607 2.182e-002      0.17 0.74      0.10      0.07   0.42   0.48 
   608 9.007e-003      0.11 0.67      0.07      0.04   0.67   0.73 
   609 5.889e-003      0.09 0.41      0.07      0.03   0.45   0.52 
   610 3.118e-003      0.06 0.58      0.04      0.02   0.66   0.51 
   611 2.841e-002      0.19 0.41      0.15      0.06   0.43   0.50 
   612 1.836e-002      0.15 0.25      0.15      0.04   0.37   0.42 
   613 3.811e-003      0.07 0.52      0.05      0.03   0.33   0.33 
   614 4.815e-002      0.25 0.29      0.23      0.07   1.04   0.43 
   615 9.353e-003      0.11 0.30      0.10      0.03   0.35   0.35 
   616 1.109e-002      0.12 0.36      0.10      0.04   0.50   0.38 
   617 3.118e-003      0.06 0.45      0.05      0.02   0.43   0.40 
   618 3.811e-003      0.07 0.34      0.06      0.02   0.42   0.46 
   619 2.321e-002      0.17 0.35      0.14      0.05   0.61   0.78 
   620 2.356e-002      0.17 0.46      0.12      0.06   0.46   0.46 
   621 4.850e-003      0.08 0.37      0.07      0.02   0.30   0.33 
   622 4.850e-002      0.25 0.23      0.30      0.07   0.94   0.61 
   623 5.543e-003      0.08 0.54      0.06      0.03   0.57   0.58 
   624 2.771e-003      0.06 0.62      0.04      0.02   0.79   0.62 
   625 2.078e-002      0.16 0.48      0.12      0.06   0.44   0.48 
   626 4.503e-003      0.08 0.43      0.06      0.03   0.73   0.95 
   627 1.109e-002      0.12 0.51      0.08      0.04   0.36   0.35 
   628 7.621e-003      0.10 0.54      0.07      0.04   0.38   0.30 
   629 5.543e-003      0.08 0.53      0.06      0.03   0.44   0.50 
   630 1.109e-002      0.12 0.50      0.08      0.04   0.40   0.48 
   631 1.386e-003      0.04 0.55      0.03      0.02   1.26   1.63 
   632 1.074e-002      0.12 0.44      0.09      0.04   0.49   0.48 
   633 2.771e-003      0.06 0.59      0.04      0.02   0.42   0.26 
   634 1.039e-003      0.04 0.44      0.03      0.01   0.24   0.28 
   635 8.660e-003      0.11 0.61      0.07      0.04   0.49   0.49 
   636 6.824e-002      0.29 0.29      0.27      0.08   0.41   0.46 
   637 3.464e-003      0.07 0.49      0.05      0.02   0.65   0.87 
   638 3.637e-002      0.22 0.33      0.19      0.06   0.36   0.44 
   639 4.850e-003      0.08 0.46      0.06      0.03   0.65   0.54 
   640 9.942e-002      0.36 0.20      0.42      0.08   1.56   0.54 
   641 9.007e-003      0.11 0.34      0.09      0.03   0.62   0.63 
   642 6.928e-004      0.03 0.62      0.02      0.01   0.41   0.82 
   643 2.425e-003      0.06 0.54      0.04      0.02   0.26   0.19 
   644 2.321e-002      0.17 0.39      0.14      0.05   0.89   0.65 
   645 2.771e-002      0.19 0.32      0.17      0.05   0.58   0.61 
   646 3.637e-002      0.22 0.30      0.19      0.06   0.56   0.48 
   647 2.252e-002      0.17 0.30      0.15      0.05   0.45   0.45 
   648 8.660e-003      0.11 0.29      0.10      0.03   0.56   0.56 
   649 1.109e-002      0.12 0.59      0.07      0.04   0.42   0.47 
   650 1.386e-003      0.04 0.37      0.04      0.01   0.31   0.27 
   651 1.386e-003      0.04 0.55      0.03      0.02   0.47   0.50 
   652 1.386e-002      0.13 0.36      0.11      0.04   0.47   0.54 
   653 5.889e-003      0.09 0.48      0.06      0.03   0.61   0.56 
   654 1.663e-002      0.15 0.43      0.11      0.05   0.27   0.31 
   655 2.425e-003      0.06 0.53      0.04      0.02   0.40   0.28 
   656 2.598e-002      0.18 0.51      0.13      0.07   0.40   0.40 
   657 1.039e-003      0.04 0.44      0.03      0.01   0.20   0.23 
   658 1.490e-002      0.14 0.35      0.12      0.04   0.50   0.55 
   659 3.464e-003      0.07 0.52      0.05      0.03   0.97   0.90 
   660 4.157e-003      0.07 0.58      0.05      0.03   0.30   0.34 
   661 2.944e-002      0.19 0.45      0.14      0.06   0.58   0.57 
   662 2.078e-003      0.05 0.48      0.04      0.02   0.68   0.75 
   663 6.166e-002      0.28 0.33      0.24      0.08   0.36   0.44 
   664 1.386e-003      0.04 0.55      0.03      0.02   0.16   0.17 
   665 5.820e-002      0.27 0.48      0.19      0.09   0.46   0.39 
   666 2.425e-003      0.06 0.54      0.04      0.02   0.50   0.52 
   667 1.455e-002      0.14 0.19      0.17      0.03   0.44   0.39 
   668 1.767e-002      0.15 0.69      0.09      0.06   0.44   0.50 
   669 5.023e-002      0.25 0.43      0.19      0.08   0.59   0.54 
   670 1.732e-002      0.15 0.62      0.09      0.06   0.41   0.47 
   671 4.469e-002      0.24 0.22      0.26      0.06   0.77   0.65 
   672 1.386e-002      0.13 0.46      0.10      0.04   0.37   0.40 
   673 1.039e-003      0.04 0.79      0.02      0.02   0.44   0.67 
   674 1.420e-002      0.13 0.39      0.11      0.04   0.42   0.45 
   675 3.118e-003      0.06 0.36      0.06      0.02   0.44   0.37 
   676 7.621e-003      0.10 0.57      0.06      0.04   0.44   0.52 
   677 3.533e-002      0.21 0.43      0.16      0.07   0.43   0.51 
   678 1.524e-002      0.14 0.35      0.12      0.04   0.66   0.79 
   679 2.425e-003      0.06 0.56      0.04      0.02   0.82   0.61 
   680 6.928e-004      0.03 0.62      0.02      0.01   0.23   0.45 
   681 5.196e-003      0.08 0.41      0.06      0.03   0.78   0.76 
   682 2.321e-002      0.17 0.45      0.12      0.06   0.47   0.50 
   683 3.464e-003      0.07 0.42      0.05      0.02   0.59   0.73 
   684 4.503e-003      0.08 0.36      0.06      0.02   0.46   0.43 
   685 1.732e-003      0.05 0.35      0.04      0.01   0.28   0.20 
   686 2.771e-002      0.19 0.26      0.19      0.05   0.79   0.52 
   687 6.928e-003      0.09 0.43      0.07      0.03   0.72   0.64 
   688 2.113e-002      0.16 0.49      0.12      0.06   0.40   0.41 
   689 3.187e-002      0.20 0.38      0.16      0.06   0.35   0.39 
   690 5.889e-003      0.09 0.47      0.06      0.03   0.43   0.33 
   691 6.928e-004      0.03 0.62      0.02      0.01   0.61   1.21 
   692 3.291e-002      0.20 0.35      0.17      0.06   0.32   0.40 
   693 1.247e-002      0.13 0.49      0.09      0.04   0.52   0.61 
   694 2.425e-003      0.06 0.54      0.04      0.02   0.41   0.33 
   695 9.353e-003      0.11 0.39      0.09      0.03   0.61   0.62 
   696 1.039e-002      0.12 0.27      0.12      0.03   0.45   0.42 
   697 6.928e-003      0.09 0.39      0.09      0.03   0.77   0.56 
   698 2.044e-002      0.16 0.55      0.11      0.06   0.76   0.91 
   699 9.353e-003      0.11 0.53      0.07      0.04   0.45   0.43 
   700 1.316e-002      0.13 0.43      0.10      0.04   2.53   1.29 
   701 1.732e-003      0.05 0.42      0.04      0.02   0.55   0.23 
   702 3.464e-003      0.07 0.49      0.05      0.02   0.62   0.35 
   703 4.503e-003      0.08 0.43      0.06      0.02   0.70   0.57 
   704 2.563e-002      0.18 0.41      0.14      0.06   0.49   0.56 
   705 1.905e-002      0.16 0.32      0.14      0.04   0.49   0.56 
   706 8.660e-003      0.11 0.45      0.08      0.03   0.52   0.55 
   707 1.975e-002      0.16 0.51      0.12      0.06   0.43   0.47 
   708 4.538e-002      0.24 0.36      0.20      0.07   0.37   0.39 
   709 3.152e-002      0.20 0.25      0.21      0.05   0.51   0.56 
   710 1.524e-002      0.14 0.33      0.12      0.04   0.52   0.54 
   711 7.621e-003      0.10 0.67      0.06      0.04   0.60   0.52 
   712 4.503e-003      0.08 0.32      0.07      0.02   0.51   0.69 
   713 3.949e-002      0.22 0.29      0.20      0.06   0.79   0.49 
   714 3.949e-002      0.22 0.27      0.22      0.06   0.50   0.52 
   715 1.386e-002      0.13 0.58      0.09      0.05   0.73   0.82 
   716 3.464e-003      0.07 0.49      0.05      0.02   0.74   0.62 
   717 3.118e-003      0.06 0.47      0.05      0.02   0.15   0.16 
   718 3.118e-003      0.06 0.58      0.04      0.02   0.69   0.79 
   719 3.741e-002      0.22 0.31      0.20      0.06   0.44   0.51 
   720 1.351e-002      0.13 0.45      0.10      0.04   0.49   0.62 
   721 2.529e-002      0.18 0.39      0.14      0.06   0.42   0.44 
   722 2.078e-003      0.05 0.75      0.03      0.02   0.33   0.37 
   723 6.928e-003      0.09 0.48      0.07      0.03   0.40   0.48 
   724 2.806e-002      0.19 0.34      0.17      0.06   0.55   0.62 
   725 1.767e-002      0.15 0.54      0.10      0.05   0.49   0.53 
   726 1.039e-003      0.04 0.45      0.03      0.01   0.04   0.03 
   727 6.235e-003      0.09 0.65      0.06      0.04   0.46   0.45 
   728 1.386e-002      0.13 0.51      0.09      0.05   0.47   0.51 
   729 2.460e-002      0.18 0.35      0.15      0.05   0.46   0.54 
   730 6.651e-002      0.29 0.25      0.30      0.07   0.95   0.50 
   731 4.157e-003      0.07 0.60      0.05      0.03   0.35   0.38 
   732 1.386e-002      0.13 0.50      0.09      0.05   0.45   0.52 
   733 2.148e-002      0.17 0.57      0.11      0.06   0.44   0.49 
   734 3.256e-002      0.20 0.33      0.19      0.06   0.67   0.69 
   735 2.598e-002      0.18 0.53      0.12      0.06   0.51   0.49 
   736 1.212e-002      0.12 0.49      0.09      0.04   0.49   0.58 
   737 8.695e-002      0.33 0.32      0.29      0.09   0.50   0.50 
   738 1.490e-002      0.14 0.41      0.11      0.04   0.43   0.55 
   739 5.335e-002      0.26 0.41      0.20      0.08   0.51   0.64 
   740 6.235e-003      0.09 0.35      0.08      0.03   0.31   0.15 
   741 7.275e-003      0.10 0.63      0.06      0.04   0.31   0.37 
   742 6.582e-003      0.09 0.58      0.06      0.04   0.51   0.52 
   743 6.928e-003      0.09 0.36      0.08      0.03   0.44   0.44 
   744 1.109e-002      0.12 0.36      0.10      0.04   0.45   0.48 
   745 5.543e-003      0.08 0.67      0.06      0.04   0.54   0.55 
   746 4.261e-002      0.23 0.51      0.18      0.09   0.48   0.56 
   747 3.672e-002      0.22 0.35      0.19      0.06   0.38   0.42 
   748 1.313e-001      0.41 0.22      0.43      0.10   1.86   0.70 
   749 8.833e-002      0.34 0.26      0.34      0.09   3.87   0.74 
   750 2.737e-002      0.19 0.26      0.18      0.05   0.43   0.52 
   751 1.455e-002      0.14 0.46      0.10      0.04   0.50   0.59 
   752 5.889e-003      0.09 0.56      0.06      0.03   0.53   0.50 
   753 1.112e-001      0.38 0.52      0.28      0.15   1.72   0.57 
   754 3.360e-002      0.21 0.24      0.21      0.05   0.45   0.50 
   755 5.543e-003      0.08 0.64      0.05      0.03   0.47   0.46 
   756 9.007e-003      0.11 0.54      0.07      0.04   0.43   0.39 
   757 8.314e-003      0.10 0.58      0.07      0.04   0.53   0.52 
   758 3.533e-002      0.21 0.56      0.14      0.08   1.64   0.64 
   759 3.395e-002      0.21 0.32      0.18      0.06   0.44   0.46 
   760 1.767e-002      0.15 0.40      0.12      0.05   0.44   0.49 
   761 1.074e-002      0.12 0.23      0.12      0.03   0.42   0.55 
   762 9.353e-003      0.11 0.28      0.10      0.03   0.47   0.48 
   763 8.314e-003      0.10 0.61      0.07      0.04   0.35   0.43 
   764 1.490e-002      0.14 0.35      0.12      0.04   0.53   0.57 
   765 8.660e-003      0.11 0.26      0.10      0.03   0.59   0.53 
   766 2.078e-003      0.05 0.48      0.04      0.02   0.18   0.14 
   767 1.905e-002      0.16 0.39      0.12      0.05   0.46   0.58 
   768 1.593e-002      0.14 0.32      0.13      0.04   0.62   0.68 
   769 7.275e-003      0.10 0.45      0.07      0.03   0.46   0.42 
   770 1.109e-001      0.38 0.22      0.40      0.09   1.89   0.80 
   771 2.425e-003      0.06 0.84      0.03      0.03   0.13   0.16 
   772 1.732e-003      0.05 0.31      0.05      0.01   0.71   0.37 
   773 1.420e-002      0.13 0.24      0.14      0.03   0.48   0.58 
   774 4.850e-003      0.08 0.40      0.06      0.02   0.37   0.40 
   775 6.928e-004      0.03 0.62      0.02      0.01   0.36   0.72 
   776 1.420e-002      0.13 0.57      0.09      0.05   0.49   0.46 
   777 4.850e-003      0.08 0.48      0.06      0.03   0.44   0.45 
   778 3.568e-002      0.21 0.36      0.18      0.07   0.49   0.49 
   779 9.353e-003      0.11 0.54      0.07      0.04   0.61   0.66 
   780 5.889e-003      0.09 0.34      0.08      0.03   0.39   0.45 
   781 8.660e-003      0.11 0.62      0.06      0.04   0.49   0.48 
   782 1.559e-002      0.14 0.62      0.10      0.06   0.48   0.49 
   783 1.836e-002      0.15 0.45      0.12      0.05   0.51   0.56 
   784 1.732e-003      0.05 0.63      0.03      0.02   0.57   0.68 
   785 1.247e-002      0.13 0.66      0.07      0.05   0.59   0.60 
   786 6.582e-003      0.09 0.50      0.07      0.03   0.34   0.37 
   787 2.078e-003      0.05 0.34      0.05      0.02   0.76   0.61 
   788 4.399e-002      0.24 0.46      0.18      0.08   0.35   0.44 
   789 1.282e-002      0.13 0.59      0.09      0.05   0.54   0.51 
   790 5.889e-003      0.09 0.47      0.06      0.03   0.68   0.56 
   791 6.963e-002      0.30 0.34      0.25      0.09   0.67   0.46 
   792 1.212e-002      0.12 0.36      0.11      0.04   0.54   0.47 
   793 3.395e-002      0.21 0.40      0.16      0.07   0.34   0.43 
   794 1.732e-003      0.05 0.41      0.04      0.02   0.25   0.26 
   795 2.460e-002      0.18 0.35      0.15      0.05   1.81   0.69 
   796 7.275e-003      0.10 0.34      0.08      0.03   0.79   0.59 
   797 3.811e-003      0.07 0.59      0.05      0.03   0.40   0.20 
   798 8.660e-003      0.11 0.42      0.08      0.03   0.50   0.37 
   799 2.321e-002      0.17 0.53      0.12      0.06   0.91   0.69 
   800 2.737e-002      0.19 0.28      0.18      0.05   0.38   0.42 
   801 1.593e-002      0.14 0.57      0.09      0.05   0.33   0.36 
   802 2.771e-003      0.06 0.38      0.05      0.02   0.35   0.09 
   803 3.464e-003      0.07 0.38      0.06      0.02   0.39   0.35 
   804 3.845e-002      0.22 0.31      0.20      0.06   0.57   0.65 
   805 4.157e-003      0.07 0.51      0.05      0.03   0.40   0.36 
   806 7.621e-003      0.10 0.59      0.07      0.04   0.40   0.33 
   807 4.850e-003      0.08 0.48      0.06      0.03   0.31   0.33 
   808 3.707e-002      0.22 0.47      0.15      0.07   0.40   0.49 
   809 4.157e-003      0.07 0.60      0.05      0.03   0.45   0.48 
   810 7.621e-003      0.10 0.55      0.07      0.04   0.41   0.49 
   811 3.429e-002      0.21 0.27      0.21      0.06   0.52   0.50 
   812 1.109e-002      0.12 0.37      0.10      0.04   0.44   0.55 
   813 3.811e-003      0.07 0.77      0.04      0.03   0.58   0.42 
   814 3.914e-002      0.22 0.41      0.17      0.07   0.61   0.64 
   815 3.118e-003      0.06 0.58      0.04      0.02   0.21   0.27 
   816 3.707e-002      0.22 0.40      0.17      0.07   0.55   0.61 
   817 6.928e-003      0.09 0.30      0.09      0.03   0.61   0.84 
   818 7.967e-003      0.10 0.51      0.07      0.04   0.41   0.34 
   819 1.420e-002      0.13 0.30      0.13      0.04   0.65   0.69 
   820 3.499e-002      0.21 0.29      0.19      0.06   0.40   0.45 
   821 9.353e-003      0.11 0.45      0.08      0.04   0.57   0.63 
   822 1.420e-002      0.13 0.27      0.13      0.03   0.45   0.50 
   823 1.490e-002      0.14 0.48      0.10      0.05   0.38   0.42 
   824 3.464e-002      0.21 0.33      0.18      0.06   0.46   0.50 
   825 3.118e-002      0.20 0.45      0.16      0.07   2.40   0.56 
   826 8.314e-003      0.10 0.39      0.08      0.03   0.54   0.57 
   827 4.122e-002      0.23 0.52      0.16      0.08   0.47   0.54 
   828 2.425e-003      0.06 0.84      0.03      0.03   0.18   0.18 
   829 2.771e-002      0.19 0.49      0.13      0.07   0.39   0.45 
   830 3.811e-003      0.07 0.41      0.06      0.02   0.39   0.44 
   831 1.455e-002      0.14 0.40      0.11      0.04   0.64   0.72 
   832 5.023e-002      0.25 0.29      0.24      0.07   0.52   0.48 
   833 2.390e-002      0.17 0.49      0.12      0.06   0.40   0.49 
   834 1.593e-002      0.14 0.27      0.14      0.04   0.88   0.60 
   835 1.316e-002      0.13 0.45      0.09      0.04   0.53   0.50 
   836 2.563e-002      0.18 0.40      0.15      0.06   0.36   0.39 
   837 7.275e-003      0.10 0.56      0.07      0.04   0.38   0.31 
   838 1.029e-001      0.36 0.18      0.45      0.08   0.37   0.40 
   839 1.593e-002      0.14 0.59      0.09      0.05   0.56   0.72 
   840 1.351e-002      0.13 0.54      0.09      0.05   0.47   0.52 
   841 2.078e-003      0.05 0.33      0.05      0.02   0.37   0.38 
   842 2.563e-002      0.18 0.37      0.15      0.05   0.45   0.51 
   843 2.356e-002      0.17 0.42      0.14      0.06   0.42   0.43 
   844 2.217e-002      0.17 0.21      0.19      0.04   0.55   0.51 
   845 3.118e-003      0.06 0.58      0.04      0.02   0.53   0.70 
   846 2.771e-003      0.06 0.59      0.04      0.02   0.41   0.33 
   847 9.007e-003      0.11 0.44      0.08      0.04   0.56   0.62 
   848 2.598e-002      0.18 0.38      0.14      0.05   0.37   0.39 
   849 2.771e-002      0.19 0.26      0.19      0.05   0.48   0.58 
   850 3.326e-002      0.21 0.20      0.24      0.05   0.47   0.39 
   851 2.078e-003      0.05 0.48      0.04      0.02   0.19   0.14 
   852 1.178e-002      0.12 0.34      0.11      0.04   0.45   0.50 
   853 2.771e-002      0.19 0.40      0.15      0.06   0.35   0.43 
   854 8.660e-003      0.11 0.34      0.09      0.03   0.44   0.49 
   855 1.039e-002      0.12 0.50      0.08      0.04   0.32   0.35 
   856 4.503e-003      0.08 0.36      0.06      0.02   0.52   0.57 
   857 1.351e-002      0.13 0.42      0.10      0.04   0.43   0.51 
   858 4.677e-002      0.24 0.14      0.36      0.05   0.61   0.45 
   859 1.351e-002      0.13 0.31      0.12      0.04   0.55   0.64 
   860 1.212e-002      0.12 0.29      0.12      0.03   1.78   0.75 
   861 2.113e-002      0.16 0.28      0.16      0.04   0.44   0.49 
   862 4.677e-002      0.24 0.13      0.35      0.05   0.57   0.47 
   863 8.314e-003      0.10 0.44      0.08      0.03   0.47   0.41 
   864 6.928e-003      0.09 0.57      0.06      0.03   0.49   0.42 
   865 5.889e-003      0.09 0.45      0.07      0.03   0.43   0.56 
   866 3.326e-002      0.21 0.47      0.15      0.07   0.47   0.52 
   867 3.811e-003      0.07 0.28      0.07      0.02   0.36   0.28 
   868 6.097e-002      0.28 0.28      0.26      0.07   0.38   0.44 
   869 7.621e-003      0.10 0.28      0.09      0.03   0.29   0.33 
   870 1.039e-002      0.12 0.40      0.09      0.04   0.66   0.79 
   871 2.425e-003      0.06 0.54      0.04      0.02   0.66   0.49 
   872 1.801e-002      0.15 0.41      0.13      0.05   0.39   0.42 
   873 3.811e-003      0.07 0.59      0.05      0.03   0.64   0.50 
   874 9.699e-003      0.11 0.27      0.11      0.03   0.40   0.38 
   875 3.464e-003      0.07 0.70      0.04      0.03   0.39   0.42 
   876 1.386e-003      0.04 0.55      0.03      0.02   0.24   0.28 
   877 6.235e-003      0.09 0.39      0.07      0.03   0.57   0.73 
   878 4.988e-002      0.25 0.38      0.20      0.08   0.34   0.38 
   879 4.157e-003      0.07 0.52      0.05      0.03   0.43   0.57 
   880 1.005e-002      0.11 0.31      0.10      0.03   0.45   0.46 
   881 2.078e-003      0.05 0.48      0.04      0.02   0.24   0.20 
   882 3.118e-003      0.06 0.58      0.04      0.02   0.46   0.55 
   883 1.697e-002      0.15 0.44      0.11      0.05   0.40   0.46 
   884 4.642e-002      0.24 0.18      0.29      0.05   1.00   0.58 
   885 6.928e-004      0.03 0.62      0.02      0.01   0.67   1.34 
   886 2.529e-002      0.18 0.35      0.15      0.05   0.46   0.46 
   887 8.660e-003      0.11 0.37      0.09      0.03   0.44   0.54 
   888 1.212e-002      0.12 0.33      0.11      0.03   0.45   0.53 
   889 8.314e-003      0.10 0.44      0.08      0.03   1.27   0.83 
   890 2.182e-002      0.17 0.66      0.10      0.07   0.43   0.48 
   891 1.767e-002      0.15 0.46      0.12      0.05   0.61   0.76 
   892 1.490e-002      0.14 0.33      0.12      0.04   0.57   0.60 
   893 1.593e-002      0.14 0.46      0.10      0.05   0.44   0.52 
   894 1.801e-002      0.15 0.35      0.13      0.04   0.46   0.48 
   895 5.785e-002      0.27 0.48      0.20      0.09   3.20   0.80 
   896 8.660e-003      0.11 0.44      0.08      0.04   0.46   0.65 
   897 1.732e-003      0.05 0.65      0.03      0.02   0.70   0.95 
   898 1.801e-002      0.15 0.26      0.16      0.04   2.67   0.62 
   899 1.005e-002      0.11 0.47      0.09      0.04   0.52   0.56 
   900 7.621e-003      0.10 0.21      0.11      0.02   0.33   0.18 
   901 1.732e-002      0.15 0.43      0.11      0.05   0.45   0.59 
   902 9.353e-003      0.11 0.45      0.08      0.04   0.57   0.60 
   903 8.314e-003      0.10 0.56      0.07      0.04   0.57   0.57 
   904 1.697e-002      0.15 0.48      0.10      0.05   0.39   0.51 
   905 2.771e-003      0.06 0.62      0.04      0.02   0.30   0.26 
   906 2.009e-002      0.16 0.31      0.17      0.05   0.59   0.52 
   907 3.811e-003      0.07 0.42      0.06      0.02   0.38   0.32 
   908 7.482e-002      0.31 0.25      0.31      0.08   0.42   0.48 
   909 2.425e-003      0.06 0.54      0.04      0.02   0.19   0.14 
   910 3.222e-002      0.20 0.38      0.18      0.07   0.48   0.50 
   911 2.425e-003      0.06 0.34      0.05      0.02   0.33   0.09 
   912 8.868e-002      0.34 0.22      0.39      0.08   2.52   0.60 
   913 1.351e-002      0.13 0.35      0.11      0.04   0.45   0.50 
   914 9.353e-003      0.11 0.40      0.08      0.03   0.37   0.37 
   915 4.503e-003      0.08 0.64      0.05      0.03   0.68   0.86 
   916 1.732e-002      0.15 0.19      0.18      0.03   0.41   0.39 
   917 2.841e-002      0.19 0.22      0.22      0.05   0.74   0.71 
   918 3.949e-002      0.22 0.39      0.19      0.07   1.60   0.48 
   919 1.005e-002      0.11 0.42      0.09      0.04   0.46   0.41 
   920 6.928e-003      0.09 0.26      0.09      0.02   0.55   0.38 
   921 4.850e-002      0.25 0.20      0.29      0.06   0.62   0.61 
   922 6.928e-003      0.09 0.30      0.09      0.03   0.41   0.35 
   923 2.078e-003      0.05 0.32      0.05      0.02   0.08   0.05 
   924 2.148e-002      0.17 0.36      0.14      0.05   0.43   0.40 
   925 1.212e-002      0.12 0.48      0.09      0.04   0.51   0.57 
   926 2.078e-003      0.05 0.48      0.04      0.02   0.55   0.36 
   927 5.543e-003      0.08 0.33      0.07      0.02   0.36   0.40 
   928 6.928e-003      0.09 0.43      0.07      0.03   0.50   0.60 
   929 6.928e-004      0.03 0.62      0.02      0.01   1.13   2.26 
   930 4.573e-002      0.24 0.57      0.16      0.09   1.14   0.60 
   931 1.940e-002      0.16 0.42      0.12      0.05   0.53   0.62 
   932 7.240e-002      0.30 0.32      0.27      0.09   0.41   0.45 
   933 4.503e-003      0.08 0.44      0.06      0.02   0.38   0.32 
   934 1.905e-002      0.16 0.49      0.11      0.06   0.39   0.43 
   935 2.771e-002      0.19 0.30      0.17      0.05   1.99   0.80 
   936 3.464e-003      0.07 0.28      0.07      0.02   0.60   0.61 
   937 3.048e-002      0.20 0.46      0.14      0.07   0.32   0.37 
   938 6.928e-003      0.09 0.26      0.09      0.02   0.43   0.48 
   939 2.425e-003      0.06 0.84      0.03      0.03   0.11   0.12 
   940 3.464e-003      0.07 0.48      0.05      0.02   0.37   0.36 
   941 8.314e-003      0.10 0.59      0.07      0.04   0.36   0.37 
   942 1.732e-003      0.05 0.41      0.04      0.02   0.34   0.39 
   943 2.702e-002      0.19 0.13      0.26      0.03   0.45   0.47 
   944 2.944e-002      0.19 0.53      0.13      0.07   0.52   0.56 
   945 1.074e-002      0.12 0.50      0.08      0.04   0.46   0.45 
   946 6.235e-003      0.09 0.48      0.07      0.03   0.37   0.45 
   947 6.513e-002      0.29 0.28      0.28      0.08   0.57   0.45 
   948 2.841e-002      0.19 0.24      0.19      0.05   1.01   0.54 
   949 2.078e-003      0.05 0.53      0.04      0.02   0.29   0.25 
   950 3.429e-002      0.21 0.38      0.17      0.06   0.53   0.62 
   951 2.321e-002      0.17 0.34      0.15      0.05   0.49   0.56 
   952 9.699e-003      0.11 0.53      0.08      0.04   0.47   0.47 
   953 5.473e-002      0.26 0.41      0.21      0.09   2.48   0.76 
   954 6.928e-003      0.09 0.37      0.08      0.03   0.61   0.47 
   955 8.660e-003      0.11 0.33      0.09      0.03   0.46   0.44 
   956 1.212e-002      0.12 0.55      0.08      0.05   0.45   0.56 
   957 1.975e-002      0.16 0.42      0.12      0.05   0.48   0.46 
   958 5.196e-003      0.08 0.44      0.06      0.03   0.66   0.43 
   959 5.543e-003      0.08 0.70      0.05      0.04   0.52   0.40 
   960 3.048e-002      0.20 0.31      0.17      0.05   0.42   0.51 
   961 6.928e-003      0.09 0.32      0.08      0.03   0.21   0.20 
   962 1.212e-002      0.12 0.52      0.09      0.04   0.57   0.68 
   963 1.975e-002      0.16 0.28      0.15      0.04   0.42   0.48 
   964 7.967e-003      0.10 0.36      0.08      0.03   0.39   0.35 
   965 1.593e-002      0.14 0.47      0.10      0.05   0.54   0.56 
   966 5.196e-003      0.08 0.42      0.06      0.03   0.57   0.57 
   967 4.642e-002      0.24 0.25      0.26      0.06   0.62   0.59 
   968 7.621e-003      0.10 0.49      0.07      0.03   0.88   0.77 
   969 1.801e-002      0.15 0.21      0.17      0.04   0.55   0.59 
   970 5.543e-003      0.08 0.43      0.06      0.03   0.39   0.41 
   971 7.621e-003      0.10 0.35      0.08      0.03   0.50   0.54 
   972 2.806e-002      0.19 0.44      0.14      0.06   0.46   0.50 
   973 1.663e-002      0.15 0.58      0.09      0.05   0.47   0.49 
   974 1.697e-002      0.15 0.31      0.13      0.04   0.49   0.42 
   975 1.351e-002      0.13 0.36      0.11      0.04   0.55   0.55 
   976 1.524e-002      0.14 0.51      0.10      0.05   0.47   0.54 
   977 1.420e-002      0.13 0.32      0.12      0.04   0.52   0.42 
   978 5.543e-002      0.27 0.23      0.27      0.06   0.62   0.49 
   979 2.529e-002      0.18 0.30      0.16      0.05   0.46   0.57 
   980 1.386e-003      0.04 0.55      0.03      0.02   0.26   0.28 
   981 2.078e-003      0.05 0.48      0.04      0.02   0.02   0.03 
   982 6.235e-003      0.09 0.57      0.06      0.03   0.50   0.49 
   983 7.967e-003      0.10 0.23      0.11      0.02   0.42   0.29 
   984 1.178e-002      0.12 0.23      0.13      0.03   0.38   0.32 
   985 2.944e-002      0.19 0.32      0.19      0.06   0.50   0.53 
   986 1.247e-002      0.13 0.42      0.10      0.04   0.41   0.43 
   987 5.681e-002      0.27 0.31      0.25      0.08   2.14   0.79 
   988 1.039e-003      0.04 0.45      0.03      0.01   1.28   1.44 
   989 1.039e-002      0.12 0.29      0.11      0.03   0.47   0.53 
   990 4.503e-003      0.08 0.56      0.05      0.03   0.81   0.64 
   991 5.196e-003      0.08 0.28      0.08      0.02   0.56   0.70 
   992 2.841e-002      0.19 0.45      0.14      0.06   0.44   0.48 
   993 1.109e-002      0.12 0.33      0.10      0.03   0.34   0.38 
   994 9.007e-003      0.11 0.62      0.07      0.04   0.68   0.73 
   995 3.949e-002      0.22 0.37      0.20      0.07   0.91   0.54 
   996 3.984e-002      0.23 0.28      0.21      0.06   0.47   0.51 
   997 5.196e-003      0.08 0.37      0.07      0.02   0.58   0.35 
   998 1.386e-002      0.13 0.57      0.09      0.05   0.45   0.43 
   999 1.559e-002      0.14 0.52      0.10      0.05   0.35   0.44 
  1000 4.503e-003      0.08 0.44      0.06      0.02   0.43   0.24 
  1001 1.940e-002      0.16 0.45      0.12      0.05   0.42   0.43 
  1002 1.559e-002      0.14 0.31      0.13      0.04   0.58   0.69 
  1003 2.078e-002      0.16 0.36      0.14      0.05   0.65   0.71 
  1004 2.078e-003      0.05 0.48      0.04      0.02   0.49   0.57 
  1005 1.316e-002      0.13 0.58      0.09      0.05   0.49   0.47 
  1006 2.529e-002      0.18 0.53      0.12      0.06   0.45   0.43 
  1007 4.954e-002      0.25 0.17      0.32      0.05   0.91   0.51 
  1008 1.039e-003      0.04 0.44      0.03      0.01   0.03   0.03 
  1009 2.841e-002      0.19 0.68      0.11      0.07   0.44   0.50 
  1010 2.009e-002      0.16 0.36      0.13      0.05   0.69   0.71 
  1011 1.420e-002      0.13 0.45      0.10      0.04   0.63   0.69 
  1012 2.252e-002      0.17 0.48      0.13      0.06   0.43   0.48 
  1013 2.425e-002      0.18 0.42      0.14      0.06   0.54   0.61 
  1014 2.078e-003      0.05 0.50      0.04      0.02   0.33   0.40 
  1015 4.746e-002      0.25 0.42      0.20      0.08   0.45   0.47 
  1016 1.386e-003      0.04 0.55      0.03      0.02   0.29   0.47 
  1017 6.028e-002      0.28 0.19      0.31      0.06   0.60   0.46 
  1018 1.697e-002      0.15 0.53      0.10      0.05   0.31   0.29 
  1019 6.235e-003      0.09 0.42      0.07      0.03   0.55   0.49 
  1020 2.009e-002      0.16 0.38      0.13      0.05   0.39   0.44 
  1021 1.871e-002      0.15 0.46      0.11      0.05   2.53   0.90 
  1022 3.811e-003      0.07 0.71      0.04      0.03   0.48   0.38 
  1023 3.083e-002      0.20 0.45      0.15      0.07   0.47   0.55 
  1024 2.841e-002      0.19 0.54      0.13      0.07   0.40   0.48 
  1025 1.767e-002      0.15 0.46      0.11      0.05   0.43   0.39 
  1026 8.002e-002      0.32 0.30      0.29      0.09   0.35   0.40 
  1027 5.196e-002      0.26 0.32      0.23      0.07   0.58   0.60 
  1028 1.836e-002      0.15 0.48      0.11      0.05   0.41   0.52 
  1029 3.637e-002      0.22 0.54      0.17      0.09   0.58   0.63 
  1030 4.850e-003      0.08 0.50      0.06      0.03   0.34   0.25 
  1031 6.928e-004      0.03 0.62      0.02      0.01   0.03   0.00 
  1032 4.884e-002      0.25 0.22      0.29      0.06   0.85   0.49 
  1033 1.039e-003      0.04 0.44      0.03      0.01   0.46   0.52 
  1034 9.699e-003      0.11 0.54      0.07      0.04   0.51   0.59 
  1035 1.247e-002      0.13 0.56      0.08      0.05   0.61   0.69 
  1036 6.928e-004      0.03 0.62      0.02      0.01   0.54   1.09 
  1037 2.771e-003      0.06 0.61      0.04      0.02   0.30   0.20 
  1038 1.455e-002      0.14 0.34      0.13      0.04   0.62   0.40 
  1039 7.621e-003      0.10 0.53      0.07      0.04   0.49   0.49 
  1040 4.850e-003      0.08 0.60      0.05      0.03   0.46   0.48 
  1041 1.905e-002      0.16 0.55      0.11      0.06   0.54   0.65 
  1042 2.078e-003      0.05 0.68      0.03      0.02   1.22   1.22 
  1043 7.760e-002      0.31 0.18      0.44      0.08   0.61   0.57 
  1044 1.732e-003      0.05 0.63      0.03      0.02   0.21   0.29 
  1045 1.039e-002      0.12 0.54      0.09      0.05   0.48   0.63 
  1046 1.940e-002      0.16 0.59      0.10      0.06   0.49   0.57 
  1047 3.603e-002      0.21 0.30      0.20      0.06   0.50   0.58 
  1048 1.697e-002      0.15 0.39      0.12      0.05   0.52   0.59 
  1049 3.014e-002      0.20 0.39      0.16      0.06   0.53   0.54 
  1050 1.005e-002      0.11 0.57      0.07      0.04   0.54   0.57 
  1051 1.005e-002      0.11 0.40      0.10      0.04   0.48   0.53 
  1052 7.275e-002      0.30 0.38      0.25      0.09   1.99   0.68 
  1053 3.776e-002      0.22 0.34      0.19      0.06   0.62   0.54 
  1054 4.850e-003      0.08 0.43      0.06      0.03   0.33   0.34 
  1055 8.660e-003      0.11 0.50      0.07      0.04   0.55   0.54 
  1056 3.811e-002      0.22 0.24      0.23      0.06   0.61   0.54 
  1057 2.425e-003      0.06 0.54      0.04      0.02   0.38   0.35 
  1058 1.940e-002      0.16 0.36      0.13      0.05   0.54   0.65 
  1059 3.464e-003      0.07 0.70      0.04      0.03   0.49   0.31 
  1060 4.850e-003      0.08 0.33      0.07      0.02   0.33   0.38 
  1061 6.374e-002      0.28 0.48      0.20      0.10   0.44   0.54 
  1062 4.157e-003      0.07 0.58      0.05      0.03   0.46   0.48 
  1063 1.531e-001      0.44 0.31      0.38      0.12   1.42   0.69 
  1064 1.732e-003      0.05 0.56      0.03      0.02   0.22   0.23 
  1065 3.118e-003      0.06 0.32      0.06      0.02   0.25   0.34 
  1066 1.697e-002      0.15 0.52      0.10      0.05   0.40   0.45 
  1067 6.686e-002      0.29 0.30      0.27      0.08   0.49   0.60 
  1068 4.850e-003      0.08 0.59      0.05      0.03   0.48   0.40 
  1069 1.697e-002      0.15 0.33      0.13      0.04   0.99   0.68 
  1070 5.889e-003      0.09 0.58      0.06      0.03   0.50   0.45 
  1071 5.231e-002      0.26 0.49      0.18      0.09   0.35   0.44 
  1072 1.386e-003      0.04 0.37      0.04      0.01   1.23   0.82 
  1073 6.339e-002      0.28 0.37      0.24      0.09   0.49   0.60 
  1074 2.841e-002      0.19 0.49      0.13      0.06   0.44   0.54 
  1075 1.905e-002      0.16 0.49      0.11      0.05   0.53   0.59 
  1076 1.663e-002      0.15 0.59      0.09      0.05   0.60   0.68 
  1077 4.503e-003      0.08 0.32      0.07      0.02   0.89   0.55 
  1078 4.538e-002      0.24 0.25      0.25      0.06   0.41   0.47 
  1079 3.048e-002      0.20 0.37      0.16      0.06   0.52   0.62 
  1080 2.148e-002      0.17 0.25      0.18      0.05   0.61   0.54 
  1081 1.697e-002      0.15 0.52      0.10      0.05   0.46   0.46 
  1082 1.282e-002      0.13 0.45      0.09      0.04   0.47   0.58 
  1083 3.464e-003      0.07 0.50      0.05      0.02   0.81   0.49 
  1084 7.621e-003      0.10 0.45      0.07      0.03   0.58   0.71 
  1085 4.365e-002      0.24 0.28      0.23      0.07   0.61   0.71 
  1086 1.801e-002      0.15 0.39      0.12      0.05   0.45   0.46 
  1087 1.039e-002      0.12 0.41      0.09      0.04   0.28   0.34 
  1088 3.741e-002      0.22 0.16      0.30      0.05   1.17   0.54 
  1089 3.984e-002      0.23 0.45      0.17      0.08   0.51   0.50 
  1090 9.353e-003      0.11 0.31      0.10      0.03   0.29   0.39 
  1091 2.009e-002      0.16 0.18      0.20      0.04   0.50   0.56 
  1092 7.621e-003      0.10 0.46      0.07      0.03   0.39   0.42 
  1093 9.007e-002      0.34 0.45      0.24      0.11   1.43   0.56 
  1094 1.663e-002      0.15 0.53      0.10      0.05   0.46   0.55 
  1095 3.014e-002      0.20 0.23      0.21      0.05   0.74   0.76 
  1096 2.460e-002      0.18 0.25      0.19      0.05   0.67   0.65 
  1097 1.039e-003      0.04 0.44      0.03      0.01   0.22   0.25 
  1098 6.928e-004      0.03 0.62      0.02      0.01   0.28   0.56 
  1099 4.157e-003      0.07 0.34      0.06      0.02   0.42   0.26 
  1100 4.850e-003      0.08 0.51      0.06      0.03   0.51   0.44 
  1101 3.811e-003      0.07 0.60      0.05      0.03   0.45   0.42 
  1102 2.771e-003      0.06 0.55      0.04      0.02   0.50   0.45 
  1103 6.928e-004      0.03 0.62      0.02      0.01   0.22   0.44 
  1104 3.499e-002      0.21 0.49      0.17      0.08   0.55   0.54 
  1105 5.854e-002      0.27 0.43      0.21      0.09   0.48   0.52 
  1106 6.235e-003      0.09 0.38      0.07      0.03   0.72   0.85 
  1107 2.979e-002      0.19 0.37      0.16      0.06   0.47   0.54 
  1108 5.058e-002      0.25 0.47      0.19      0.09   0.96   0.62 
  1109 7.621e-003      0.10 0.55      0.06      0.04   0.52   0.60 
  1110 1.109e-002      0.12 0.34      0.10      0.03   0.48   0.50 
  1111 1.005e-002      0.11 0.54      0.08      0.04   0.43   0.48 
  1112 1.247e-002      0.13 0.53      0.09      0.05   0.47   0.52 
  1113 3.429e-002      0.21 0.46      0.16      0.07   1.59   0.78 
  1114 4.053e-002      0.23 0.32      0.20      0.06   0.54   0.53 
  1115 5.993e-002      0.28 0.55      0.19      0.10   0.84   0.61 
  1116 4.157e-003      0.07 0.52      0.05      0.03   0.82   0.72 
  1117 5.196e-003      0.08 0.51      0.06      0.03   0.38   0.31 
  1118 3.118e-003      0.06 0.47      0.05      0.02   0.69   0.85 
  1119 2.771e-003      0.06 0.42      0.05      0.02   0.20   0.23 
  1120 5.335e-002      0.26 0.41      0.20      0.08   0.54   0.55 
  1121 9.699e-003      0.11 0.22      0.12      0.03   0.81   0.28 
  1122 6.928e-003      0.09 0.69      0.06      0.04   0.63   0.65 
  1123 3.811e-003      0.07 0.51      0.05      0.02   0.27   0.20 
  1124 7.967e-003      0.10 0.48      0.07      0.03   0.36   0.31 
  1125 3.533e-002      0.21 0.45      0.16      0.07   1.89   0.90 
  1126 9.699e-003      0.11 0.46      0.08      0.04   0.54   0.48 
  1127 9.007e-002      0.34 0.27      0.31      0.08   0.71   0.80 
  1128 3.880e-002      0.22 0.48      0.16      0.08   0.39   0.44 
  1129 3.464e-003      0.07 0.39      0.06      0.02   0.61   0.62 
  1130 6.928e-004      0.03 0.62      0.02      0.01   0.34   0.68 
  1131 6.235e-003      0.09 0.42      0.07      0.03   0.61   0.41 
  1132 1.282e-002      0.13 0.54      0.09      0.05   0.48   0.62 
  1133 4.503e-003      0.08 0.56      0.05      0.03   0.37   0.43 
  1134 4.538e-002      0.24 0.53      0.16      0.09   0.45   0.50 
  1135 3.118e-003      0.06 0.58      0.04      0.02   0.27   0.15 
  1136 6.928e-003      0.09 0.51      0.06      0.03   0.48   0.56 
  1137 9.665e-002      0.35 0.41      0.27      0.11   2.47   0.75 
  1138 3.811e-003      0.07 0.38      0.06      0.02   0.19   0.12 
  1139 9.353e-003      0.11 0.65      0.07      0.04   0.38   0.37 
  1140 2.078e-002      0.16 0.37      0.13      0.05   0.41   0.45 
  1141 9.353e-003      0.11 0.36      0.09      0.03   0.70   0.85 
  1142 3.291e-002      0.20 0.37      0.18      0.07   0.68   0.54 
  1143 2.078e-003      0.05 0.48      0.04      0.02   0.69   0.44 
  1144 1.109e-002      0.12 0.37      0.10      0.04   0.66   0.59 
  1145 7.621e-003      0.10 0.46      0.07      0.03   1.00   0.58 
  1146 3.222e-002      0.20 0.44      0.15      0.07   0.42   0.48 
  1147 3.222e-002      0.20 0.45      0.15      0.07   0.38   0.45 
  1148 1.109e-002      0.12 0.42      0.09      0.04   2.60   1.13 
  1149 2.425e-003      0.06 0.38      0.05      0.02   0.35   0.15 
  1150 9.353e-003      0.11 0.46      0.08      0.04   0.69   0.78 
  1151 5.646e-002      0.27 0.47      0.19      0.09   0.57   0.60 
  1152 4.850e-003      0.08 0.56      0.06      0.03   0.27   0.17 
  1153 8.141e-002      0.32 0.64      0.20      0.13   0.67   0.51 
  1154 5.196e-003      0.08 0.38      0.06      0.02   0.34   0.34 
  1155 1.905e-002      0.16 0.56      0.10      0.06   0.63   0.57 
  1156 2.910e-002      0.19 0.46      0.14      0.07   0.55   0.58 
  1157 1.732e-003      0.05 0.63      0.03      0.02   1.56   1.39 
  1158 1.005e-002      0.11 0.67      0.07      0.04   0.43   0.31 
  1159 2.633e-002      0.18 0.51      0.13      0.06   0.45   0.45 
  1160 5.543e-003      0.08 0.42      0.07      0.03   0.27   0.32 
  1161 7.205e-002      0.30 0.52      0.21      0.11   0.58   0.60 
  1162 5.231e-002      0.26 0.69      0.15      0.11   0.43   0.51 
  1163 9.007e-003      0.11 0.52      0.07      0.04   0.63   0.71 
  1164 4.503e-003      0.08 0.56      0.05      0.03   0.45   0.46 
  1165 9.007e-003      0.11 0.69      0.06      0.04   0.50   0.62 
  1166 4.157e-003      0.07 0.59      0.05      0.03   0.51   0.71 
  1167 1.593e-002      0.14 0.51      0.11      0.05   0.52   0.56 
  1168 1.871e-002      0.15 0.49      0.11      0.05   0.36   0.36 
  1169 2.944e-002      0.19 0.27      0.20      0.05   0.58   0.57 
  1170 6.582e-003      0.09 0.42      0.07      0.03   0.40   0.39 
  1171 1.420e-002      0.13 0.46      0.10      0.05   0.46   0.42 
  1172 7.621e-003      0.10 0.66      0.06      0.04   0.45   0.45 
  1173 1.386e-002      0.13 0.40      0.11      0.04   0.43   0.46 
  1174 7.344e-002      0.31 0.30      0.28      0.08   0.44   0.50 
  1175 2.425e-003      0.06 0.37      0.05      0.02   0.30   0.14 
  1176 4.850e-003      0.08 0.35      0.07      0.02   1.25   1.02 
  1177 1.282e-002      0.13 0.42      0.10      0.04   0.31   0.31 
  1178 2.494e-002      0.18 0.56      0.12      0.07   0.45   0.45 
  1179 8.314e-003      0.10 0.47      0.08      0.04   0.56   0.48 
  1180 5.543e-003      0.08 0.59      0.06      0.03   0.58   0.44 
  1181 4.954e-002      0.25 0.49      0.18      0.09   0.44   0.47 
  1182 1.178e-002      0.12 0.41      0.10      0.04   0.53   0.67 
  1183 2.217e-002      0.17 0.35      0.14      0.05   0.59   0.57 
  1184 1.386e-002      0.13 0.52      0.09      0.05   0.68   0.63 
  1185 6.235e-003      0.09 0.41      0.07      0.03   0.70   0.49 
  1186 2.598e-002      0.18 0.25      0.20      0.05   1.21   0.76 
  1187 1.070e-001      0.37 0.26      0.34      0.09   1.78   0.51 
  1188 4.503e-003      0.08 0.60      0.05      0.03   0.22   0.15 
  1189 9.699e-003      0.11 0.43      0.08      0.04   0.44   0.53 
  1190 1.732e-002      0.15 0.39      0.12      0.05   1.97   0.95 
  1191 3.914e-002      0.22 0.53      0.15      0.08   0.43   0.47 
  1192 5.889e-003      0.09 0.59      0.06      0.03   1.79   0.86 
  1193 1.905e-002      0.16 0.40      0.12      0.05   0.34   0.38 
  1194 7.864e-002      0.32 0.24      0.33      0.08   0.44   0.42 
  1195 1.524e-002      0.14 0.56      0.09      0.05   0.49   0.60 
  1196 5.543e-002      0.27 0.34      0.23      0.08   0.48   0.50 
  1197 5.889e-002      0.27 0.24      0.29      0.07   1.83   0.68 
  1198 8.660e-003      0.11 0.49      0.07      0.04   0.60   0.74 
  1199 6.928e-004      0.03 0.62      0.02      0.01   0.96   1.93 
  1200 1.074e-002      0.12 0.37      0.09      0.03   0.34   0.31 
  1201 1.039e-002      0.12 0.33      0.10      0.03   0.54   0.59 
  1202 1.039e-003      0.04 0.79      0.02      0.02   0.03   0.03 
  1203 4.469e-002      0.24 0.41      0.19      0.08   0.40   0.44 
  1204 1.039e-002      0.12 0.56      0.08      0.04   0.60   0.69 
  1205 4.157e-003      0.07 0.34      0.07      0.02   1.30   0.94 
  1206 7.275e-003      0.10 0.29      0.09      0.03   0.59   0.57 
  1207 4.469e-002      0.24 0.29      0.22      0.06   0.36   0.45 
  1208 1.593e-002      0.14 0.33      0.13      0.04   0.45   0.41 
  1209 1.316e-002      0.13 0.53      0.09      0.05   0.35   0.41 
  1210 7.275e-003      0.10 0.54      0.06      0.03   0.91   0.76 
  1211 6.928e-003      0.09 0.42      0.07      0.03   0.57   0.52 
  1212 3.811e-003      0.07 0.70      0.04      0.03   0.33   0.38 
  1213 3.811e-002      0.22 0.32      0.19      0.06   0.43   0.44 
  1214 1.559e-002      0.14 0.51      0.10      0.05   0.44   0.56 
  1215 5.023e-002      0.25 0.32      0.22      0.07   1.97   0.69 
  1216 7.967e-003      0.10 0.60      0.06      0.04   0.46   0.45 
  1217 8.314e-003      0.10 0.38      0.08      0.03   0.60   0.61 
  1218 2.009e-002      0.16 0.20      0.17      0.04   0.48   0.50 
  1219 1.039e-002      0.12 0.57      0.08      0.04   0.38   0.39 
  1220 6.928e-003      0.09 0.44      0.07      0.03   0.54   0.75 
  1221 9.699e-003      0.11 0.55      0.07      0.04   0.52   0.49 
  1222 7.967e-003      0.10 0.60      0.07      0.04   0.60   0.40 
  1223 1.559e-002      0.14 0.47      0.10      0.05   0.79   0.80 
  1224 3.222e-002      0.20 0.48      0.15      0.07   0.48   0.54 
  1225 2.771e-002      0.19 0.48      0.13      0.06   0.47   0.54 
  1226 3.222e-002      0.20 0.29      0.19      0.06   0.46   0.55 
  1227 2.425e-003      0.06 0.47      0.04      0.02   0.53   0.65 
  1228 1.524e-002      0.14 0.20      0.15      0.03   0.44   0.55 
  1229 9.007e-003      0.11 0.52      0.07      0.04   0.45   0.57 
  1230 3.395e-002      0.21 0.18      0.26      0.05   0.57   0.61 
  1231 8.660e-003      0.11 0.33      0.10      0.03   0.50   0.54 
  1232 2.321e-002      0.17 0.46      0.13      0.06   0.50   0.46 
  1233 3.048e-002      0.20 0.28      0.19      0.05   0.35   0.37 
  1234 8.660e-003      0.11 0.61      0.07      0.04   0.48   0.45 
  1235 2.321e-002      0.17 0.49      0.12      0.06   0.47   0.57 
  1236 1.420e-002      0.13 0.32      0.12      0.04   0.39   0.45 
  1237 4.850e-003      0.08 0.50      0.06      0.03   0.63   0.67 
  1238 9.699e-003      0.11 0.57      0.07      0.04   0.51   0.45 
  1239 1.628e-002      0.14 0.36      0.12      0.04   0.41   0.47 
  1240 3.118e-002      0.20 0.24      0.21      0.05   0.43   0.53 
  1241 4.954e-002      0.25 0.15      0.34      0.05   1.01   0.59 
  1242 1.143e-002      0.12 0.41      0.09      0.04   0.58   0.55 
  1243 8.660e-003      0.11 0.46      0.08      0.04   0.54   0.52 
  1244 5.993e-002      0.28 0.18      0.34      0.06   0.45   0.44 
  1245 5.889e-003      0.09 0.45      0.06      0.03   0.42   0.42 
  1246 9.353e-003      0.11 0.39      0.09      0.03   0.58   0.61 
  1247 1.386e-003      0.04 0.36      0.04      0.01   0.46   0.41 
  1248 5.924e-002      0.27 0.27      0.26      0.07   0.61   0.73 
  1249 1.109e-002      0.12 0.44      0.09      0.04   0.58   0.75 
  1250 1.732e-003      0.05 0.51      0.04      0.02   0.72   0.61 
  1251 3.118e-002      0.20 0.26      0.21      0.06   0.57   0.55 
  1252 7.621e-003      0.10 0.43      0.07      0.03   0.51   0.51 
  1253 1.386e-003      0.04 0.36      0.04      0.01   0.41   0.28 
  1254 6.235e-003      0.09 0.52      0.06      0.03   0.70   0.62 
  1255 3.672e-002      0.22 0.33      0.19      0.06   0.55   0.64 
  1256 3.118e-002      0.20 0.30      0.18      0.05   0.45   0.48 
  1257 3.291e-002      0.20 0.36      0.17      0.06   0.57   0.80 
  1258 1.836e-002      0.15 0.36      0.13      0.05   0.48   0.54 
  1259 2.252e-002      0.17 0.30      0.16      0.05   0.47   0.57 
  1260 9.699e-003      0.11 0.31      0.10      0.03   0.55   0.55 
  1261 3.914e-002      0.22 0.41      0.17      0.07   1.81   0.63 
  1262 1.039e-003      0.04 0.44      0.03      0.01   0.03   0.00 
  1263 1.697e-002      0.15 0.34      0.12      0.04   0.59   0.74 
  1264 3.464e-003      0.07 0.30      0.06      0.02   0.28   0.43 
  1265 2.078e-003      0.05 0.49      0.04      0.02   0.39   0.22 
  1266 3.083e-002      0.20 0.46      0.15      0.07   0.38   0.40 
  1267 9.007e-003      0.11 0.41      0.08      0.03   0.42   0.43 
  1268 6.339e-002      0.28 0.42      0.23      0.09   0.54   0.60 
  1269 1.039e-003      0.04 0.79      0.02      0.02   0.03   0.03 
  1270 1.109e-002      0.12 0.38      0.10      0.04   0.57   0.54 
  1271 2.425e-003      0.06 0.32      0.05      0.02   0.45   0.25 
  1272 2.078e-003      0.05 0.32      0.05      0.02   0.47   0.27 
  1273 2.078e-002      0.16 0.40      0.12      0.05   0.47   0.53 
  1274 3.637e-002      0.22 0.19      0.26      0.05   1.23   0.84 
  1275 2.078e-003      0.05 0.25      0.06      0.01   0.67   0.80 
  1276 1.039e-003      0.04 0.44      0.03      0.01   0.89   1.00 
  1277 3.395e-002      0.21 0.32      0.18      0.06   0.47   0.46 
  1278 7.829e-002      0.32 0.33      0.27      0.09   0.42   0.46 
  1279 9.007e-003      0.11 0.56      0.08      0.04   0.77   0.64 
  1280 7.552e-002      0.31 0.27      0.28      0.08   0.84   1.05 
  1281 1.386e-003      0.04 0.59      0.03      0.02   0.24   0.16 
  1282 3.464e-002      0.21 0.44      0.17      0.07   0.42   0.47 
  1283 2.044e-002      0.16 0.31      0.15      0.05   0.51   0.55 
  1284 1.316e-002      0.13 0.28      0.12      0.03   0.59   0.69 
  1285 3.707e-002      0.22 0.39      0.17      0.07   0.44   0.44 
  1286 3.256e-002      0.20 0.35      0.17      0.06   0.55   0.65 
  1287 8.660e-003      0.11 0.42      0.08      0.03   0.55   0.54 
  1288 1.039e-002      0.12 0.42      0.09      0.04   0.47   0.38 
  1289 2.737e-002      0.19 0.25      0.19      0.05   0.98   0.66 
  1290 5.196e-003      0.08 0.53      0.06      0.03   0.37   0.36 
  1291 4.018e-002      0.23 0.39      0.18      0.07   0.50   0.52 
  1292 4.503e-003      0.08 0.56      0.05      0.03   0.66   0.72 
  1293 4.607e-002      0.24 0.39      0.19      0.07   0.36   0.38 
  1294 6.928e-003      0.09 0.48      0.07      0.03   0.67   0.78 
  1295 1.386e-003      0.04 0.47      0.03      0.01   0.26   0.34 
  1296 1.836e-002      0.15 0.22      0.16      0.04   0.63   0.73 
  1297 6.582e-003      0.09 0.33      0.08      0.03   0.70   0.63 
  1298 1.593e-002      0.14 0.32      0.13      0.04   0.63   0.73 
  1299 2.148e-002      0.17 0.48      0.12      0.06   0.41   0.50 
  1300 8.660e-003      0.11 0.48      0.08      0.04   0.46   0.53 
  1301 3.811e-002      0.22 0.46      0.15      0.07   0.46   0.49 
  1302 1.836e-002      0.15 0.48      0.11      0.05   0.57   0.64 
  1303 7.621e-003      0.10 0.17      0.13      0.02   0.38   0.29 
  1304 8.314e-003      0.10 0.46      0.08      0.04   0.33   0.38 
  1305 1.143e-002      0.12 0.32      0.11      0.04   0.37   0.52 
  1306 8.660e-002      0.33 0.36      0.28      0.10   1.03   0.73 
  1307 1.871e-002      0.15 0.55      0.10      0.05   0.38   0.39 
  1308 1.732e-003      0.05 0.35      0.04      0.01   2.00   0.83 
  1309 2.078e-002      0.16 0.48      0.12      0.06   0.58   0.64 
  1310 2.841e-002      0.19 0.55      0.13      0.07   0.47   0.53 
  1311 3.499e-002      0.21 0.62      0.13      0.08   0.48   0.58 
  1312 2.078e-003      0.05 0.68      0.03      0.02   0.67   0.50 
  1313 2.044e-002      0.16 0.36      0.14      0.05   0.46   0.55 
  1314 3.464e-003      0.07 0.66      0.04      0.03   0.48   0.59 
  1315 4.850e-002      0.25 0.36      0.20      0.07   2.63   0.73 
  1316 2.217e-002      0.17 0.41      0.14      0.06   0.45   0.48 
  1317 8.730e-002      0.33 0.43      0.25      0.11   0.62   0.57 
  1318 1.559e-002      0.14 0.58      0.09      0.05   0.74   0.68 
  1319 2.078e-003      0.05 0.68      0.03      0.02   0.14   0.15 
  1320 1.005e-002      0.11 0.62      0.07      0.05   0.60   0.73 
  1321 3.118e-003      0.06 0.46      0.05      0.02   0.46   0.41 
  1322 8.002e-002      0.32 0.22      0.34      0.07   1.01   0.60 
  1323 4.503e-003      0.08 0.43      0.06      0.02   0.43   0.44 
  1324 1.732e-003      0.05 0.60      0.03      0.02   0.36   0.32 
  1325 1.091e-001      0.37 0.22      0.40      0.09   0.74   0.59 
  1326 7.275e-003      0.10 0.36      0.08      0.03   0.48   0.55 
  1327 6.582e-003      0.09 0.51      0.06      0.03   0.47   0.48 
  1328 1.039e-003      0.04 0.79      0.02      0.02   0.03   0.03 
  1329 1.351e-002      0.13 0.63      0.08      0.05   0.59   0.60 
  1330 7.621e-003      0.10 0.45      0.07      0.03   0.50   0.51 
  1331 6.928e-003      0.09 0.33      0.08      0.03   0.48   0.43 
  1332 7.621e-003      0.10 0.53      0.07      0.04   0.61   0.48 
  1333 1.420e-002      0.13 0.38      0.11      0.04   0.55   0.56 
  1334 7.656e-002      0.31 0.31      0.28      0.09   0.37   0.49 
  1335 5.889e-003      0.09 0.31      0.08      0.03   0.63   0.44 
  1336 1.593e-002      0.14 0.34      0.12      0.04   0.48   0.51 
  1337 7.275e-003      0.10 0.45      0.07      0.03   1.24   0.91 
  1338 2.494e-002      0.18 0.30      0.16      0.05   0.41   0.42 
  1339 5.889e-003      0.09 0.50      0.06      0.03   0.57   0.47 
  1340 3.776e-002      0.22 0.54      0.15      0.08   1.66   0.73 
  1341 4.850e-003      0.08 0.51      0.06      0.03   0.48   0.11 
  1342 1.732e-003      0.05 0.45      0.04      0.02   0.95   0.40 
  1343 1.420e-002      0.13 0.39      0.11      0.04   0.52   0.64 
  1344 3.811e-003      0.07 0.45      0.05      0.02   0.41   0.51 
  1345 2.182e-002      0.17 0.69      0.10      0.07   0.50   0.54 
  1346 4.642e-002      0.24 0.38      0.20      0.07   0.39   0.45 
  1347 4.330e-002      0.23 0.20      0.28      0.05   0.93   0.79 
  1348 2.217e-002      0.17 0.28      0.16      0.04   1.19   0.67 
  1349 3.533e-002      0.21 0.32      0.19      0.06   0.55   0.53 
  1350 1.663e-002      0.15 0.69      0.09      0.06   0.47   0.43 
  1351 3.118e-003      0.06 0.46      0.05      0.02   0.39   0.35 
  1352 1.732e-003      0.05 0.46      0.04      0.02   0.49   0.49 
  1353 6.928e-004      0.03 0.62      0.02      0.01   0.03   0.00 
  1354 5.023e-002      0.25 0.15      0.33      0.05   0.40   0.49 
  1355 5.543e-003      0.08 0.64      0.05      0.03   0.70   0.56 
  1356 2.252e-002      0.17 0.34      0.15      0.05   0.38   0.48 
  1357 5.889e-003      0.09 0.58      0.06      0.03   0.59   0.63 
  1358 4.157e-003      0.07 0.62      0.05      0.03   0.43   0.36 
  1359 5.196e-003      0.08 0.40      0.07      0.03   0.49   0.44 
  1360 9.007e-003      0.11 0.64      0.07      0.05   0.35   0.50 
  1361 6.582e-003      0.09 0.47      0.07      0.03   0.85   0.72 
  1362 9.007e-003      0.11 0.38      0.09      0.03   0.46   0.50 
  1363 7.621e-003      0.10 0.32      0.09      0.03   0.51   0.46 
  1364 6.928e-003      0.09 0.39      0.07      0.03   0.33   0.35 
  1365 1.005e-002      0.11 0.32      0.10      0.03   0.47   0.62 
  1366 2.078e-003      0.05 0.72      0.03      0.02   0.22   0.17 
  1367 4.850e-003      0.08 0.32      0.07      0.02   0.40   0.46 
  1368 4.850e-003      0.08 0.26      0.08      0.02   0.29   0.19 
  1369 5.889e-003      0.09 0.25      0.09      0.02   0.51   0.66 
  1370 5.196e-003      0.08 0.30      0.08      0.02   0.62   0.52 
  1371 2.425e-003      0.06 0.49      0.04      0.02   0.24   0.15 
  1372 7.621e-003      0.10 0.15      0.13      0.02   0.48   0.43 
  1373 2.771e-003      0.06 0.40      0.05      0.02   0.71   0.88 
  1374 6.928e-004      0.03 0.62      0.02      0.01   0.03   0.00 
